# IMAGINARY_TIME mesh: N: 1025 beta: 5 statistics: FERMIONIC
# MOMENTUM_INDEX mesh: N: 1 dimension: 2 points: (0,0) 
# INDEX mesh: N: 2
0 -0.55343912207928 -0.55352438283344 
0.0048828125 -0.54665862144305 -0.54674152385208 
0.009765625 -0.54001708276672 -0.54009738840809 
0.0146484375 -0.5335108585352 -0.53358862696544 
0.01953125 -0.52713639331723 -0.52721189553792 
0.0244140625 -0.52089024904673 -0.52096361119478 
0.029296875 -0.51476955523033 -0.51484074532788 
0.0341796875 -0.50877122211199 -0.50884024927134 
0.0390625 -0.5028922483519 -0.50295915710779 
0.0439453125 -0.49712982283659 -0.49719463813119 
0.048828125 -0.49148098713068 -0.49154388787665 
0.0537109375 -0.48594301209277 -0.48600409583192 
0.05859375 -0.4805133294749 -0.4805726562628 
0.0634765625 -0.4751890460339 -0.47524662645026 
0.068359375 -0.46996774814994 -0.47002372170456 
0.0732421875 -0.46484717397291 -0.46490156665084 
0.078125 -0.45982509972503 -0.45987790706496 
0.0830078125 -0.45489911779044 -0.45495040423477 
0.087890625 -0.4500668525399 -0.45011664894765 
0.0927734375 -0.44532625209047 -0.44537473897283 
0.09765625 -0.44067507115061 -0.44072229120289 
0.1025390625 -0.43611118241277 -0.43615704105567 
0.107421875 -0.43163246761701 -0.43167717003502 
0.1123046875 -0.42723690266304 -0.42728066013296 
0.1171875 -0.42292254519475 -0.4229653923678 
0.1220703125 -0.41868776256069 -0.41872965200387 
0.126953125 -0.41453087044267 -0.41457175238984 
0.1318359375 -0.41044998955297 -0.41048968063672 
0.13671875 -0.40644328525141 -0.40648173703453 
0.1416015625 -0.40250914294522 -0.40254635380422 
0.146484375 -0.39864579419776 -0.39868174456881 
0.1513671875 -0.39485173602572 -0.39488636074487 
0.15625 -0.39112552090165 -0.39115873886013 
0.1611328125 -0.3874656205132 -0.38749732890949 
0.166015625 -0.38387060393005 -0.38390084075594 
0.1708984375 -0.38033894018468 -0.38036780095625 
0.17578125 -0.37686920811595 -0.37689677357739 
0.1806640625 -0.37346008674317 -0.37348631658652 
0.185546875 -0.37011026587747 -0.37013515226386 
0.1904296875 -0.36681837593055 -0.3668420955402 
0.1953125 -0.36358315880173 -0.36360580151635 
0.2001953125 -0.36040356773761 -0.36042502437564 
0.205078125 -0.3572783466206 -0.35729859726405 
0.2099609375 -0.35420626115211 -0.35422527201667 
0.21484375 -0.35118610643175 -0.35120379422717 
0.2197265625 -0.34821654296507 -0.34823314463816 
0.224609375 -0.34529676761325 -0.34531231049772 
0.2294921875 -0.34242556961785 -0.34244024620069 
0.234375 -0.33960210295624 -0.33961600386606 
0.2392578125 -0.33682521583421 -0.33683845027176 
0.244140625 -0.33409385175319 -0.33410647055347 
0.2490234375 -0.33140718016389 -0.3314190901225 
0.25390625 -0.32876433120887 -0.32877563560531 
0.2587890625 -0.32616444661662 -0.32617504454712 
0.263671875 -0.32360655812247 -0.32361651448137 
0.2685546875 -0.32108978938572 -0.3210992446683 
0.2734375 -0.31861333349801 -0.31862244466953 
0.2783203125 -0.31617630449346 -0.31618527466878 
0.283203125 -0.31377788428713 -0.3137867944599 
0.2880859375 -0.31141713770002 -0.31142619499113 
0.29296875 -0.30909345228639 -0.30910271290178 
0.2978515625 -0.3068062416016 -0.30681556428691 
0.302734375 -0.30455477582515 -0.30456392097194 
0.3076171875 -0.30233825841252 -0.30234716324642 
0.3125 -0.30015582183183 -0.30016446778598 
0.3173828125 -0.29800679706745 -0.29801513263246 
0.322265625 -0.29589052164202 -0.29589854691668 
0.3271484375 -0.29380636897471 -0.29381411016629 
0.33203125 -0.29175378614796 -0.29176120788747 
0.3369140625 -0.28973202755057 -0.28973933784808 
0.341796875 -0.28774067826511 -0.28774790210499 
0.3466796875 -0.28577905573532 -0.28578625281397 
0.3515625 -0.28384669860033 -0.2838536212539 
0.3564453125 -0.28194289026851 -0.28194954813577 
0.361328125 -0.28006719795389 -0.28007369619323 
0.3662109375 -0.27821893060472 -0.27822541535989 
0.37109375 -0.27639782494456 -0.2764041323774 
0.3759765625 -0.2746033039967 -0.27460930557768 
0.380859375 -0.27283481527141 -0.27284042180684 
0.3857421875 -0.27109179244069 -0.27109702668975 
0.390625 -0.26937394073694 -0.26937879378714 
0.3955078125 -0.2676806832816 -0.26768509132954 
0.400390625 -0.26601152190824 -0.26601541052818 
0.4052734375 -0.2643658948336 -0.264369518946 
0.41015625 -0.26274330757505 -0.26274671905015 
0.4150390625 -0.2611433724111 -0.26114663193159 
0.419921875 -0.25956583714134 -0.25956891327282 
0.4248046875 -0.25801018500273 -0.25801321352316 
0.4296875 -0.25647608953463 -0.25647921152632 
0.4345703125 -0.25496313081824 -0.25496635844324 
0.439453125 -0.25347088461051 -0.25347423596976 
0.4443359375 -0.25199919896174 -0.25200244349602 
0.44921875 -0.25054769531454 -0.25055058334645 
0.4541015625 -0.2491158212884 -0.24911837284667 
0.458984375 -0.24770329221349 -0.2477055670988 
0.4638671875 -0.24630973806572 -0.24631187432377 
0.46875 -0.24493495016064 -0.24493692506692 
0.4736328125 -0.24357859453636 -0.24358024005277 
0.478515625 -0.24224033741882 -0.24224160558762 
0.4833984375 -0.24091995857354 -0.24092072803083 
0.48828125 -0.23961712952918 -0.23961728054948 
0.4931640625 -0.23833140994853 -0.2383310131832 
0.498046875 -0.23706244152598 -0.23706163624736 
0.5029296875 -0.23580993760076 -0.23580883471566 
0.5078125 -0.23457364381735 -0.2345721602562 
0.5126953125 -0.23335319516756 -0.23335138488123 
0.517578125 -0.23214841376559 -0.23214632585311 
0.5224609375 -0.23095898582273 -0.23095672975174 
0.52734375 -0.22978468322926 -0.22978215163389 
0.5322265625 -0.22862520258978 -0.22862245554128 
0.537109375 -0.22748048818955 -0.22747744530052 
0.5419921875 -0.22635021066088 -0.22634685412877 
0.546875 -0.22523405582287 -0.22523042316134 
0.5517578125 -0.2241318269824 -0.22412786658931 
0.556640625 -0.22304330517785 -0.22303891492481 
0.5615234375 -0.22196828032293 -0.22196342425523 
0.56640625 -0.2209064439531 -0.22090109852535 
0.5712890625 -0.21985759405357 -0.21985177027541 
0.576171875 -0.21882154955259 -0.21881538376448 
0.5810546875 -0.21779822389058 -0.21779169769516 
0.5859375 -0.21678750755614 -0.2167803827641 
0.5908203125 -0.2157890590344 -0.21578123904811 
0.595703125 -0.21480261631432 -0.21479414179678 
0.6005859375 -0.21382805967511 -0.21381895590138 
0.60546875 -0.21286525711382 -0.21285545946526 
0.6103515625 -0.21191395578065 -0.2119035636071 
0.615234375 -0.21097400289992 -0.21096298166629 
0.6201171875 -0.21004514947826 -0.21003354053247 
0.625 -0.20912738367134 -0.20911513082477 
0.6298828125 -0.2082204622079 -0.20820753997809 
0.634765625 -0.20732409716315 -0.20731071824517 
0.6396484375 -0.20643818743856 -0.2064244352378 
0.64453125 -0.20556256502413 -0.20554843323839 
0.6494140625 -0.20469696830104 -0.20468253410958 
0.654296875 -0.20384129893338 -0.20382657474276 
0.6591796875 -0.20299538047088 -0.20298052969836 
0.6640625 -0.20215919895125 -0.20214414345378 
0.6689453125 -0.20133242715312 -0.20131731338693 
0.673828125 -0.20051487815401 -0.20049982410312 
0.6787109375 -0.19970649170727 -0.19969158884169 
0.68359375 -0.19890721101482 -0.19889238750219 
0.6884765625 -0.19811686022032 -0.19810213553036 
0.693359375 -0.19733533408453 -0.19732077479678 
0.6982421875 -0.19656231846527 -0.19654812314524 
0.703125 -0.19579781849689 -0.19578400260082 
0.7080078125 -0.19504180098108 -0.19502834308446 
0.712890625 -0.19429411914719 -0.19428103069241 
0.7177734375 -0.19355457821924 -0.19354190941741 
0.72265625 -0.19282313613276 -0.19281084392502 
0.7275390625 -0.19209972820207 -0.19208782756249 
0.732421875 -0.19138416491996 -0.19137267859872 
0.7373046875 -0.19067637080724 -0.19066525217849 
0.7421875 -0.18997619959277 -0.18996541467727 
0.7470703125 -0.18928365142218 -0.18927308205062 
0.751953125 -0.18859853161934 -0.18858810938371 
0.7568359375 -0.18792073336239 -0.18791043877086 
0.76171875 -0.18725018245205 -0.18724003997184 
0.7666015625 -0.18658684973134 -0.18657679841183 
0.771484375 -0.18593076729853 -0.18592063085725 
0.7763671875 -0.18528168114277 -0.18527146102688 
0.78125 -0.18463947717244 -0.18462909202649 
0.7861328125 -0.18400402370845 -0.1839934679344 
0.791015625 -0.18337524796503 -0.18336453244965 
0.7958984375 -0.18275301702232 -0.18274215253623 
0.80078125 -0.18213719795387 -0.1821263137374 
0.8056640625 -0.18152778366696 -0.18151689913185 
0.810546875 -0.18092473239839 -0.18091397937524 
0.8154296875 -0.18032791622976 -0.18031733125165 
0.8203125 -0.17973728987669 -0.17972691477142 
0.8251953125 -0.17915281308396 -0.17914264583703 
0.830078125 -0.17857432232097 -0.17856434599307 
0.8349609375 -0.17800177445355 -0.1779920023541 
0.83984375 -0.17743495472301 -0.17742547869971 
0.8447265625 -0.17687376560283 -0.17686467767081 
0.849609375 -0.17631828302076 -0.17630959441015 
0.8544921875 -0.17576838104851 -0.17576015228155 
0.859375 -0.17522395795962 -0.17521621614662 
0.8642578125 -0.17468505028698 -0.17467775001526 
0.869140625 -0.17415151125266 -0.17414469846837 
0.8740234375 -0.17362335063172 -0.17361708515327 
0.87890625 -0.17310047417328 -0.17309472475315 
0.8837890625 -0.17258287451866 -0.17257756746194 
0.888671875 -0.17207040657168 -0.17206554841917 
0.8935546875 -0.1715629223955 -0.17155868423534 
0.8984375 -0.17106038685712 -0.17105681074592 
0.9033203125 -0.170562794428 -0.17055976842791 
0.908203125 -0.17007015002306 -0.17006751304147 
0.9130859375 -0.16958236384402 -0.16958010276204 
0.91796875 -0.16909941761246 -0.16909748537678 
0.9228515625 -0.1686212538307 -0.16861951799835 
0.927734375 -0.16814776149804 -0.16814625666355 
0.9326171875 -0.16767895615164 -0.16767772480144 
0.9375 -0.1672146838646 -0.16721375165706 
0.9423828125 -0.16675491300809 -0.16675426328838 
0.947265625 -0.16629961403714 -0.16629928845227 
0.9521484375 -0.16584887244517 -0.1658486969109 
0.95703125 -0.16540261057595 -0.16540237457999 
0.9619140625 -0.16496060006574 -0.16496024756139 
0.966796875 -0.16452280519568 -0.16452233536462 
0.9716796875 -0.16408921006602 -0.16408868262547 
0.9765625 -0.16365979283886 -0.16365924307103 
0.9814453125 -0.16323453688342 -0.16323391544125 
0.986328125 -0.16281343929693 -0.16281269892874 
0.9912109375 -0.16239649922202 -0.16239550907836 
0.99609375 -0.16198353886836 -0.16198220385214 
1.0009765625 -0.16157444831735 -0.16157292563341 
1.005859375 -0.16116911315967 -0.16116744540193 
1.0107421875 -0.16076760886148 -0.160765740603 
1.015625 -0.16036993187604 -0.16036779960469 
1.0205078125 -0.15997609753028 -0.15997366438503 
1.025390625 -0.15958590175297 -0.15958324814257 
1.0302734375 -0.15919945910409 -0.15919650284782 
1.03515625 -0.15881664623951 -0.15881342622114 
1.0400390625 -0.15843745960573 -0.15843390155464 
1.044921875 -0.15806181753127 -0.15805790681383 
1.0498046875 -0.15768961968395 -0.15768546784919 
1.0546875 -0.1573209154237 -0.157316567504 
1.0595703125 -0.15695560749314 -0.15695109526331 
1.064453125 -0.1565936453658 -0.15658892293379 
1.0693359375 -0.15623496046527 -0.15622995456524 
1.07421875 -0.15587965742037 -0.15587427060372 
1.0791015625 -0.15552769411678 -0.15552188901073 
1.083984375 -0.15517895706974 -0.15517276317981 
1.0888671875 -0.15483343568443 -0.15482678639402 
1.09375 -0.15449112664107 -0.1544839661609 
1.0986328125 -0.15415193276134 -0.15414440439568 
1.103515625 -0.15381589713987 -0.15380797994672 
1.1083984375 -0.15348298141503 -0.1534746427361 
1.11328125 -0.15315324948571 -0.15314431731362 
1.1181640625 -0.15282658457019 -0.15281695901892 
1.123046875 -0.15250295425068 -0.15249269031524 
1.1279296875 -0.15218222366113 -0.15217138747096 
1.1328125 -0.15186434894676 -0.15185302544709 
1.1376953125 -0.15154946955219 -0.15153764470807 
1.142578125 -0.15123746357283 -0.15122522803595 
1.1474609375 -0.15092834324956 -0.15091569521397 
1.15234375 -0.15062208187409 -0.15060899965982 
1.1572265625 -0.15031859426373 -0.15030509445749 
1.162109375 -0.15001792495568 -0.15000391537342 
1.1669921875 -0.14972002277506 -0.14970546941437 
1.171875 -0.14942479646568 -0.14940980085144 
1.1767578125 -0.1491323735613 -0.14911685885779 
1.181640625 -0.14884271912553 -0.1488266866565 
1.1865234375 -0.14855576702689 -0.14853914178422 
1.19140625 -0.14827143339913 -0.14825416568751 
1.1962890625 -0.14798965382439 -0.1479718060541 
1.201171875 -0.14771036707051 -0.14769202042815 
1.2060546875 -0.14743360462612 -0.14741476167205 
1.2109375 -0.14715926590484 -0.14713994924159 
1.2158203125 -0.146887485393 -0.14686766935222 
1.220703125 -0.1466182309186 -0.14659789993203 
1.2255859375 -0.14635137262915 -0.14633061412368 
1.23046875 -0.14608692486915 -0.14606582323309 
1.2353515625 -0.14582489877568 -0.14580349613867 
1.240234375 -0.14556520972016 -0.14554356651655 
1.2451171875 -0.14530790554428 -0.14528597307874 
1.25 -0.14505285836804 -0.14503069669471 
1.2548828125 -0.14480007706719 -0.14477785870525 
1.259765625 -0.14454948629529 -0.14452737633347 
1.2646484375 -0.1443012042685 -0.1442791068926 
1.26953125 -0.14405539033296 -0.14403304530104 
1.2744140625 -0.14381184249544 -0.14378921486255 
1.279296875 -0.14357054424278 -0.14354758663497 
1.2841796875 -0.14333138810886 -0.14330808106128 
1.2890625 -0.14309434076558 -0.14307078825882 
1.2939453125 -0.1428592776245 -0.14283558946499 
1.298828125 -0.14262629651649 -0.14260253861852 
1.3037109375 -0.14239546391132 -0.14237161035663 
1.30859375 -0.14216670131283 -0.14214284031744 
1.3134765625 -0.14194006181558 -0.14191609868174 
1.318359375 -0.1417154508446 -0.14169146916657 
1.3232421875 -0.14149288399667 -0.14146888515139 
1.328125 -0.14127244096444 -0.14124829834786 
1.3330078125 -0.14105407174819 -0.14102975590516 
1.337890625 -0.14083768473425 -0.14081320821439 
1.3427734375 -0.14062322825526 -0.14059863788929 
1.34765625 -0.1404106862999 -0.14038605967195 
1.3525390625 -0.14020003793186 -0.14017543607231 
1.357421875 -0.13999139417979 -0.13996683628089 
1.3623046875 -0.13978467505193 -0.13976023611504 
1.3671875 -0.13957988195406 -0.13955551197039 
1.3720703125 -0.1393770409386 -0.13935266214735 
1.376953125 -0.13917617492967 -0.13915163948329 
1.3818359375 -0.13897725188181 -0.138952457268 
1.38671875 -0.13878021530481 -0.13875509482716 
1.3916015625 -0.13858492769667 -0.13855956825527 
1.396484375 -0.13839145296469 -0.13836581566851 
1.4013671875 -0.13819987808749 -0.13817394809297 
1.40625 -0.13801016159703 -0.13798393185188 
1.4111328125 -0.13782221836525 -0.13779572584792 
1.416015625 -0.13763600424591 -0.13760932444784 
1.4208984375 -0.13745150925993 -0.1374246567487 
1.42578125 -0.137268723046 -0.13724172304608 
1.4306640625 -0.13708765246473 -0.13706057101591 
1.435546875 -0.13690842767767 -0.13688110806903 
1.4404296875 -0.13673088714165 -0.13670334312843 
1.4453125 -0.13655506632204 -0.13652731775407 
1.4501953125 -0.13638096878898 -0.13635303886092 
1.455078125 -0.13620853540738 -0.13618046727387 
1.4599609375 -0.13603761877022 -0.13600953213982 
1.46484375 -0.13586829677743 -0.1358402841769 
1.4697265625 -0.13570064120356 -0.13567267665607 
1.474609375 -0.13553452814307 -0.13550670041934 
1.4794921875 -0.13537010349087 -0.13534239072368 
1.484375 -0.13520737999034 -0.13517972432833 
1.4892578125 -0.13504627993414 -0.13501863626679 
1.494140625 -0.13488676955537 -0.13485902279775 
1.4990234375 -0.13472880684713 -0.1347009478583 
1.50390625 -0.1345723175923 -0.13454437578883 
1.5087890625 -0.13441728665576 -0.1343893458813 
1.513671875 -0.13426366210163 -0.13423588280737 
1.5185546875 -0.1341115974064 -0.13408397930526 
1.5234375 -0.13396103229673 -0.13393367935159 
1.5283203125 -0.13381194095241 -0.13378486037253 
1.533203125 -0.13366432187788 -0.13363748544788 
1.5380859375 -0.13351824576127 -0.13349160605926 
1.54296875 -0.13337363655619 -0.1333472195142 
1.5478515625 -0.13323056470049 -0.13320422511342 
1.552734375 -0.13308897122778 -0.1330626686834 
1.5576171875 -0.13294879387474 -0.13292253253705 
1.5625 -0.13281014972317 -0.13278384085586 
1.5673828125 -0.13267300039741 -0.13264662027025 
1.572265625 -0.13253716259517 -0.13251079216344 
1.5771484375 -0.13240269951017 -0.13237636932699 
1.58203125 -0.132269634544 -0.13224333479555 
1.5869140625 -0.13213795378774 -0.13211170859599 
1.591796875 -0.13200764680399 -0.1319815261626 
1.5966796875 -0.13187885681972 -0.13185279520312 
1.6015625 -0.13175141413708 -0.13172542193436 
1.6064453125 -0.13162530501981 -0.1315993574082 
1.611328125 -0.13150051014556 -0.1314745898422 
1.6162109375 -0.13137703377797 -0.13135117244268 
1.62109375 -0.13125481059405 -0.13122905174726 
1.6259765625 -0.13113385426675 -0.13110831896292 
1.630859375 -0.13101426143873 -0.13098899929293 
1.6357421875 -0.13089609943012 -0.13087099712144 
1.640625 -0.13077925774817 -0.13075422071951 
1.6455078125 -0.13066375315191 -0.13063868213021 
1.650390625 -0.13054966876433 -0.13052441763384 
1.6552734375 -0.13043684886329 -0.1304113975023 
1.66015625 -0.13032526185735 -0.13029965479156 
1.6650390625 -0.13021500064208 -0.13018913239034 
1.669921875 -0.13010598023646 -0.1300798826342 
1.6748046875 -0.12999818472064 -0.1299718370035 
1.6796875 -0.12989160222192 -0.1298651259101 
1.6845703125 -0.12978616272441 -0.12975963856151 
1.689453125 -0.12968189662757 -0.12965537079415 
1.6943359375 -0.12957888767928 -0.12955227786057 
1.69921875 -0.12947701708356 -0.12945041659994 
1.7041015625 -0.12937627664513 -0.1293497715292 
1.708984375 -0.1292767473318 -0.12925030897206 
1.7138671875 -0.12917838126723 -0.12915211562745 
1.71875 -0.12908115317941 -0.1290552050258 
1.7236328125 -0.12898504482962 -0.12895949204613 
1.728515625 -0.12889003102993 -0.12886494721672 
1.7333984375 -0.12879614842763 -0.12877155022157 
1.73828125 -0.12870339252518 -0.12867926682501 
1.7431640625 -0.12861178689957 -0.1285880933925 
1.748046875 -0.12852137492024 -0.12849804701246 
1.7529296875 -0.12843212133245 -0.12840915299931 
1.7578125 -0.12834403618518 -0.12832148048322 
1.7626953125 -0.12825714946446 -0.12823499048121 
1.767578125 -0.12817138956152 -0.12814969576042 
1.7724609375 -0.12808677582732 -0.12806550449243 
1.77734375 -0.12800322530762 -0.1279823569918 
1.7822265625 -0.12792078169106 -0.12790040995048 
1.787109375 -0.12783949123689 -0.12781960200801 
1.7919921875 -0.12775931762392 -0.12773992539635 
1.796875 -0.12768025715261 -0.12766140165812 
1.8017578125 -0.12760233314474 -0.12758399045358 
1.806640625 -0.12752553539388 -0.12750773656125 
1.8115234375 -0.12744987862913 -0.12743262321942 
1.81640625 -0.12737537120133 -0.12735858850197 
1.8212890625 -0.12730202032203 -0.12728561611178 
1.826171875 -0.12722986561292 -0.12721369449809 
1.8310546875 -0.12715880890956 -0.1271428137615 
1.8359375 -0.12708884238398 -0.12707301873654 
1.8408203125 -0.12701991973121 -0.12700430703827 
1.845703125 -0.12695207384835 -0.12693666209755 
1.8505859375 -0.12688523177571 -0.12687013540845 
1.85546875 -0.12681943181451 -0.12680465955378 
1.8603515625 -0.12675476720986 -0.12674023246704 
1.865234375 -0.12669119919303 -0.12667680042558 
1.8701171875 -0.12662864879242 -0.12661434361091 
1.875 -0.12656713984464 -0.12655293183511 
1.8798828125 -0.12650664156151 -0.12649254217608 
1.884765625 -0.12644719675776 -0.12643320977713 
1.8896484375 -0.12638882386956 -0.12637482729709 
1.89453125 -0.1263315183882 -0.1263174948594 
1.8994140625 -0.12627516471728 -0.12626122720782 
1.904296875 -0.12621985215112 -0.12620603295873 
1.9091796875 -0.12616554128712 -0.12615190734117 
1.9140625 -0.12611224056178 -0.1260987490077 
1.9189453125 -0.12605996816371 -0.12604660911595 
1.923828125 -0.12600878781834 -0.1259954266261 
1.9287109375 -0.12595854038805 -0.12594520565285 
1.93359375 -0.12590922052556 -0.12589582790953 
1.9384765625 -0.125860970149 -0.12584729068787 
1.943359375 -0.12581373736861 -0.12579972429908 
1.9482421875 -0.12576752833908 -0.12575318895491 
1.953125 -0.12572227909306 -0.12570762846535 
1.9580078125 -0.12567797771288 -0.12566306842244 
1.962890625 -0.12563461749875 -0.12561948645511 
1.9677734375 -0.12559211878756 -0.12557687459334 
1.97265625 -0.12555051354859 -0.1255353081015 
1.9775390625 -0.12550987114184 -0.12549475895836 
1.982421875 -0.12547023418398 -0.12545518759728 
1.9873046875 -0.12543159479556 -0.12541656549036 
1.9921875 -0.12539388243828 -0.12537883600449 
1.9970703125 -0.12535712172019 -0.12534207853457 
2.001953125 -0.12532122741944 -0.12530627614175 
2.0068359375 -0.12528619172094 -0.12527142377227 
2.01171875 -0.1252521390305 -0.12523750653396 
2.0166015625 -0.12521904157293 -0.12520450351796 
2.021484375 -0.12518685554553 -0.12517245329153 
2.0263671875 -0.12515564762314 -0.1251413053984 
2.03125 -0.12512534265155 -0.12511102518122 
2.0361328125 -0.12509600892735 -0.12508167926253 
2.041015625 -0.1250676175421 -0.1250532269706 
2.0458984375 -0.12504006103131 -0.12502569062636 
2.05078125 -0.12501337186713 -0.12499899145822 
2.0556640625 -0.12498756040642 -0.12497314557586 
2.060546875 -0.12496264799794 -0.12494811691956 
2.0654296875 -0.12493864157691 -0.12492404061321 
2.0703125 -0.12491561666647 -0.12490091498006 
2.0751953125 -0.12489343128722 -0.1248786140641 
2.080078125 -0.12487207638945 -0.12485718207158 
2.0849609375 -0.12485159184327 -0.12483668852217 
2.08984375 -0.1248318622804 -0.12481700892332 
2.0947265625 -0.12481293515941 -0.12479815322593 
2.099609375 -0.12479499024218 -0.12478024178257 
2.1044921875 -0.12477802706875 -0.12476326299742 
2.109375 -0.1247619909349 -0.12474717810878 
2.1142578125 -0.12474687181233 -0.12473198260163 
2.119140625 -0.12473267997186 -0.12471774983917 
2.1240234375 -0.12471945583273 -0.12470446436661 
2.12890625 -0.12470709532889 -0.12469205905952 
2.1337890625 -0.12469552190435 -0.12468047354268 
2.138671875 -0.12468486048542 -0.12466958577548 
2.1435546875 -0.1246749852152 -0.12465944239459 
2.1484375 -0.12466592166694 -0.12465028615208 
2.1533203125 -0.1246577161819 -0.12464198497335 
2.158203125 -0.12465034814606 -0.12463453443307 
2.1630859375 -0.12464376204323 -0.12462791273037 
2.16796875 -0.12463800634065 -0.12462214397108 
2.1728515625 -0.1246331468661 -0.12461732398502 
2.177734375 -0.12462916615321 -0.12461345486923 
2.1826171875 -0.12462612179774 -0.12461035036057 
2.1875 -0.12462400525779 -0.12460798802877 
2.1923828125 -0.12462272514383 -0.12460647310073 
2.197265625 -0.12462229672206 -0.12460579202355 
2.2021484375 -0.12462271513325 -0.12460597781235 
2.20703125 -0.12462401280794 -0.12460700739395 
2.2119140625 -0.12462609496366 -0.12460880519605 
2.216796875 -0.12462900223865 -0.12461139367242 
2.2216796875 -0.12463274231036 -0.12461483046803 
2.2265625 -0.12463737646472 -0.1246192158117 
2.2314453125 -0.12464284538262 -0.12462444472516 
2.236328125 -0.12464916712503 -0.12463053883176 
2.2412109375 -0.12465633420835 -0.12463747421083 
2.24609375 -0.1246643053745 -0.12464525317814 
2.2509765625 -0.12467311345404 -0.12465381323941 
2.255859375 -0.12468278525532 -0.12466327204377 
2.2607421875 -0.1246933992836 -0.12467368061868 
2.265625 -0.12470478092043 -0.1246849838407 
2.2705078125 -0.12471694194944 -0.12469705409497 
2.275390625 -0.12472988999797 -0.12470993288859 
2.2802734375 -0.12474373289739 -0.12472366537355 
2.28515625 -0.12475846234764 -0.1247382791605 
2.2900390625 -0.12477407145835 -0.12475381141394 
2.294921875 -0.12479056829571 -0.12477012440955 
2.2998046875 -0.12480793038137 -0.12478722743207 
2.3046875 -0.12482617233146 -0.12480511082508 
2.3095703125 -0.12484521469829 -0.12482378599625 
2.314453125 -0.12486506410993 -0.12484325067392 
2.3193359375 -0.12488575236575 -0.12486345674082 
2.32421875 -0.12490728072118 -0.1248844087761 
2.3291015625 -0.1249296080317 -0.12490623163012 
2.333984375 -0.12495283035125 -0.12492896672769 
2.3388671875 -0.12497689837735 -0.12495263841047 
2.34375 -0.12500181551891 -0.12497716085119 
2.3486328125 -0.12502758653443 -0.12500258405651 
2.353515625 -0.1250541004179 -0.12502890478815 
2.3583984375 -0.12508142839934 -0.12505605665081 
2.36328125 -0.12510965979133 -0.1250840419284 
2.3681640625 -0.12513878423956 -0.125112874751 
2.373046875 -0.1251687434479 -0.12514253378279 
2.3779296875 -0.1251994927302 -0.12517305444081 
2.3828125 -0.12523107919033 -0.12520443038595 
2.3876953125 -0.12526353901595 -0.12523660019964 
2.392578125 -0.12529691980682 -0.12526962611135 
2.3974609375 -0.12533117981337 -0.12530353678928 
2.40234375 -0.12536621217103 -0.12533829385039 
2.4072265625 -0.1254020858689 -0.12537382765865 
2.412109375 -0.12543881343088 -0.12541014580257 
2.4169921875 -0.12547639367372 -0.12544733531984 
2.421875 -0.12551474094519 -0.12548538699886 
2.4267578125 -0.12555382841517 -0.12552420374112 
2.431640625 -0.12559366721368 -0.12556389765331 
2.4365234375 -0.12563437981313 -0.12560449710944 
2.44140625 -0.12567593065152 -0.12564592464565 
2.4462890625 -0.12571825751907 -0.12568811817448 
2.451171875 -0.12576135439319 -0.1257310460667 
2.4560546875 -0.12580529511121 -0.12577479001783 
2.4609375 -0.12585006490705 -0.12581942497444 
2.4658203125 -0.12589565134027 -0.12586496540709 
2.470703125 -0.12594208063288 -0.12591132197487 
2.4755859375 -0.12598928156871 -0.12595853701925 
2.48046875 -0.12603728816523 -0.12600660716906 
2.4853515625 -0.12608610174286 -0.12605556622412 
2.490234375 -0.12613585354472 -0.12610530444181 
2.4951171875 -0.12618649291921 -0.12615589165431 
2.5 -0.12623795083763 -0.12620727434836 
2.5048828125 -0.1262902215562 -0.12625948295497 
2.509765625 -0.12634328229849 -0.12631250317449 
2.5146484375 -0.12639720212291 -0.12636640748971 
2.51953125 -0.12645190912086 -0.12642120040501 
2.5244140625 -0.12650747786712 -0.12647680152697 
2.529296875 -0.12656388890295 -0.12653323140781 
2.5341796875 -0.12662116675831 -0.12659047470517 
2.5390625 -0.1266792751823 -0.12664860833209 
2.5439453125 -0.12673824486989 -0.12670756870116 
2.548828125 -0.12679814921217 -0.12676739183291 
2.5537109375 -0.12685887447762 -0.12682808076231 
2.55859375 -0.12692034413838 -0.12688956063747 
2.5634765625 -0.12698262380548 -0.12695181120565 
2.568359375 -0.12704573905086 -0.12701493017354 
2.5732421875 -0.12710976711297 -0.12707893616841 
2.578125 -0.12717466764091 -0.12714372004923 
2.5830078125 -0.12724032958575 -0.12720925526022 
2.587890625 -0.12730684059634 -0.12727555935626 
2.5927734375 -0.12737422909614 -0.12734270036389 
2.59765625 -0.12744241303847 -0.12741071411061 
2.6025390625 -0.12751142760524 -0.12747955964078 
2.607421875 -0.12758134669733 -0.12754924417196 
2.6123046875 -0.12765215026926 -0.12761980740522 
2.6171875 -0.12772379380202 -0.12769126119165 
2.6220703125 -0.12779623175986 -0.12776360148877 
2.626953125 -0.12786952149821 -0.1278368086342 
2.6318359375 -0.12794367237316 -0.12791081101625 
2.63671875 -0.12801863581135 -0.12798567016596 
2.6416015625 -0.12809445924966 -0.12806145701638 
2.646484375 -0.12817112014903 -0.1281381758336 
2.6513671875 -0.12824864094428 -0.12821571703009 
2.65625 -0.12832705420248 -0.12829402874619 
2.6611328125 -0.12840641640543 -0.1283732221054 
2.666015625 -0.12848667789674 -0.12845331569468 
2.6708984375 -0.1285678622774 -0.12853426624943 
2.67578125 -0.1286499755104 -0.128616115149 
2.6806640625 -0.12873301139427 -0.12869881331111 
2.685546875 -0.12881682366966 -0.12878240698104 
2.6904296875 -0.12890139464865 -0.12886686010235 
2.6953125 -0.12898677509088 -0.12895216952609 
2.7001953125 -0.12907299438876 -0.12903833612475 
2.705078125 -0.12916002376507 -0.12912540209529 
2.7099609375 -0.12924790951638 -0.1292133479911 
2.71484375 -0.12933661701515 -0.12930221991657 
2.7197265625 -0.12942625945156 -0.12939200957253 
2.724609375 -0.12951681562144 -0.12948269588806 
2.7294921875 -0.12960827763769 -0.12957426518955 
2.734375 -0.12970058215256 -0.12966662686762 
2.7392578125 -0.12979367624479 -0.1297598085148 
2.744140625 -0.12988769862913 -0.12985378758108 
2.7490234375 -0.1299827103143 -0.12994874631394 
2.75390625 -0.13007863864402 -0.13004458434209 
2.7587890625 -0.13017535786665 -0.13014128576458 
2.763671875 -0.13027298619992 -0.1302388390782 
2.7685546875 -0.13037153079537 -0.13033725505666 
2.7734375 -0.13047099933494 -0.130436535871 
2.7783203125 -0.13057136899356 -0.13053670689083 
2.783203125 -0.13067266050477 -0.13063779618328 
2.7880859375 -0.1307748685794 -0.13073979269327 
2.79296875 -0.13087789874168 -0.13084270253176 
2.7978515625 -0.13098172482078 -0.13094647088499 
2.802734375 -0.13108644189458 -0.13105118035443 
2.8076171875 -0.13119207002843 -0.13115680180267 
2.8125 -0.13129856987284 -0.13126329993178 
2.8173828125 -0.13140596300774 -0.13137070327965 
2.822265625 -0.13151415403285 -0.13147911095064 
2.8271484375 -0.13162313159092 -0.13158845862156 
2.83203125 -0.13173309623098 -0.13169876125369 
2.8369140625 -0.13184408061381 -0.13181005440183 
2.841796875 -0.13195602493541 -0.1319221948227 
2.8466796875 -0.1320688719101 -0.13203518166847 
2.8515625 -0.13218263842744 -0.13214903123666 
2.8564453125 -0.13229729038953 -0.13226380006459 
2.861328125 -0.13241299206097 -0.13237943554367 
2.8662109375 -0.13252948529559 -0.13249588023644 
2.87109375 -0.13264678210743 -0.13261331715574 
2.8759765625 -0.13276502375006 -0.13273164650164 
2.880859375 -0.13288424521983 -0.13285096905894 
2.8857421875 -0.13300451471348 -0.1329713197181 
2.890625 -0.1331258048246 -0.13309265075014 
2.8955078125 -0.13324808786146 -0.13321492430557 
2.900390625 -0.1333713435134 -0.13333819189995 
2.9052734375 -0.1334956055406 -0.13346252637978 
2.91015625 -0.13362084182775 -0.1335878823751 
2.9150390625 -0.13374695581258 -0.13371410753598 
2.919921875 -0.13387393372752 -0.13384120083776 
2.9248046875 -0.1340018962708 -0.13396923070272 
2.9296875 -0.13413079678003 -0.13409817592832 
2.9345703125 -0.13426063709673 -0.13422800709577 
2.939453125 -0.13439153729578 -0.13435885573563 
2.9443359375 -0.13452343846582 -0.13449067010144 
2.94921875 -0.13465625440978 -0.13462343398539 
2.9541015625 -0.13479004259365 -0.13475717755768 
2.958984375 -0.13492476177969 -0.13489189983948 
2.9638671875 -0.13506048198855 -0.13502753234233 
2.96875 -0.13519714472166 -0.13516419138968 
2.9736328125 -0.13533482632138 -0.13530193575374 
2.978515625 -0.1354734752274 -0.13544064331016 
2.9833984375 -0.1356130885898 -0.13558041192075 
2.98828125 -0.13575369627952 -0.13572118997677 
2.9931640625 -0.13589526394908 -0.13586299981409 
2.998046875 -0.13603781564927 -0.13600592435216 
3.0029296875 -0.13618135897353 -0.13614980298746 
3.0078125 -0.13632590560635 -0.13629463465464 
3.0126953125 -0.13647151398344 -0.13644043962769 
3.017578125 -0.13661810674161 -0.1365872264614 
3.0224609375 -0.13676574030116 -0.13673508445009 
3.02734375 -0.13691444358169 -0.13688401851691 
3.0322265625 -0.13706423311561 -0.13703402213094 
3.037109375 -0.13721517388617 -0.13718501647521 
3.0419921875 -0.13736712451748 -0.13733699366684 
3.046875 -0.13752017136231 -0.1374900010942 
3.0517578125 -0.13767435889012 -0.13764406655224 
3.056640625 -0.13782959826915 -0.13779919883128 
3.0615234375 -0.13798594474713 -0.13795545351644 
3.06640625 -0.13814335027091 -0.1381127943527 
3.0712890625 -0.13830164595997 -0.13827126478435 
3.076171875 -0.13846086217788 -0.13843079020807 
3.0810546875 -0.13862112584511 -0.1385913259278 
3.0859375 -0.1387824318076 -0.13875305204801 
3.0908203125 -0.13894484814081 -0.13891586952323 
3.095703125 -0.13910829959706 -0.13907977776047 
3.1005859375 -0.13927291581039 -0.13924474896948 
3.10546875 -0.13943874508909 -0.13941084371485 
3.1103515625 -0.13960577194696 -0.13957798523468 
3.115234375 -0.13977399161779 -0.13974631226431 
3.1201171875 -0.13994326571698 -0.13991578927611 
3.125 -0.14011370505295 -0.14008636331103 
3.1298828125 -0.14028524993494 -0.14025801689566 
3.134765625 -0.14045791141516 -0.14043085281318 
3.1396484375 -0.14063165144488 -0.14060484419649 
3.14453125 -0.14080649046969 -0.14078003165418 
3.1494140625 -0.14098250301851 -0.14095645862518 
3.154296875 -0.14115967167116 -0.14113403388957 
3.1591796875 -0.14133805571841 -0.1413126958025 
3.1640625 -0.14151759077108 -0.14149252688763 
3.1689453125 -0.14169831440035 -0.14167350017595 
3.173828125 -0.14188021067698 -0.14185566205604 
3.1787109375 -0.14206327366686 -0.14203898501683 
3.18359375 -0.14224747585114 -0.14222363394451 
3.1884765625 -0.14243280888878 -0.14240949895271 
3.193359375 -0.14261930729085 -0.14259657667939 
3.1982421875 -0.142807063772 -0.14278494437388 
3.203125 -0.14299604166135 -0.14297453836388 
3.2080078125 -0.1431862073406 -0.14316535296464 
3.212890625 -0.14337761967479 -0.14335732918249 
3.2177734375 -0.14357024857513 -0.14355046126669 
3.22265625 -0.14376410788106 -0.14374477639589 
3.2275390625 -0.14395926120027 -0.14394030290835 
3.232421875 -0.14415555712553 -0.14413700270308 
3.2373046875 -0.14435304606238 -0.14433494238821 
3.2421875 -0.14455182281848 -0.14453414675976 
3.2470703125 -0.14475188099004 -0.14473463350918 
3.251953125 -0.14495328344218 -0.14493636339928 
3.2568359375 -0.14515595487681 -0.14513933360172 
3.26171875 -0.14535984123881 -0.14534356263975 
3.2666015625 -0.14556490406477 -0.14554899277443 
3.271484375 -0.14577116572296 -0.145755663185 
3.2763671875 -0.14597870043207 -0.14596351530687 
3.28125 -0.14618751656048 -0.1461725664262 
3.2861328125 -0.14639760017743 -0.14638283842057 
3.291015625 -0.14660906334986 -0.14659435015836 
3.2958984375 -0.14682185399359 -0.14680712522622 
3.30078125 -0.14703592228988 -0.14702121162561 
3.3056640625 -0.14725127458022 -0.14723652876636 
3.310546875 -0.14746791703339 -0.14745311427349 
3.3154296875 -0.14768585320544 -0.14767107863056 
3.3203125 -0.1479051397916 -0.14789029947444 
3.3251953125 -0.14812573164368 -0.14811075710751 
3.330078125 -0.14834772863283 -0.14833251244032 
3.3349609375 -0.1485710252925 -0.14855560084446 
3.33984375 -0.14879568469592 -0.14878002071318 
3.3447265625 -0.14902162991045 -0.14900587218289 
3.349609375 -0.14924892577909 -0.14923307084537 
3.3544921875 -0.14947751215295 -0.14946168623063 
3.359375 -0.149707485081 -0.14969186218288 
3.3642578125 -0.14993881739036 -0.1499235363847 
3.369140625 -0.15017148557298 -0.15015668320165 
3.3740234375 -0.15040557269472 -0.15039137009189 
3.37890625 -0.15064117726035 -0.15062752773853 
3.3837890625 -0.15087829433891 -0.1508650393996 
3.388671875 -0.15111678701541 -0.15110384753399 
3.3935546875 -0.15135667939038 -0.15134405884094 
3.3984375 -0.15159791990452 -0.15158566757649 
3.4033203125 -0.15184057453222 -0.15182868235543 
3.408203125 -0.15208467015955 -0.15207313735763 
3.4130859375 -0.15233037306965 -0.15231918050449 
3.41796875 -0.15257765935678 -0.15256667085993 
3.4228515625 -0.15282641200877 -0.15281565380093 
3.427734375 -0.15307663625579 -0.15306612813961 
3.4326171875 -0.15332834901806 -0.15331801858941 
3.4375 -0.1535815234497 -0.15357126363039 
3.4423828125 -0.15383624907263 -0.15382609483871 
3.447265625 -0.15409252470111 -0.15408253018412 
3.4521484375 -0.15435025324231 -0.15434047911125 
3.45703125 -0.15460950667508 -0.15460002019467 
3.4619140625 -0.15487017307151 -0.15486121675442 
3.466796875 -0.15513242429751 -0.15512398537099 
3.4716796875 -0.15539628384699 -0.1553883781715 
3.4765625 -0.15566167790174 -0.15565431425583 
3.4814453125 -0.15592867857086 -0.15592177083956 
3.486328125 -0.15619738457177 -0.15619078286464 
3.4912109375 -0.1564677629923 -0.15646140176963 
3.49609375 -0.1567397689481 -0.15673349737377 
3.5009765625 -0.15701338526819 -0.15700716052527 
3.505859375 -0.15728858645651 -0.15728243159667 
3.5107421875 -0.15756542493916 -0.15755936275419 
3.515625 -0.15784381111672 -0.15783796533183 
3.5205078125 -0.15812388159817 -0.15811827847531 
3.525390625 -0.15840569192069 -0.15840032785751 
3.5302734375 -0.15868928342229 -0.15868413761324 
3.53515625 -0.15897455009784 -0.15896959750731 
3.5400390625 -0.15926151093987 -0.159256813636 
3.544921875 -0.15955018986733 -0.15954570369551 
3.5498046875 -0.15984058721802 -0.1598361632543 
3.5546875 -0.1601326994902 -0.16012837686009 
3.5595703125 -0.1604265942926 -0.16042237785551 
3.564453125 -0.16072223917316 -0.16071814160047 
3.5693359375 -0.16101965918609 -0.16101563279203 
3.57421875 -0.16131885184308 -0.16131502891669 
3.5791015625 -0.16161988665409 -0.16161626051406 
3.583984375 -0.16192276828323 -0.1619192446833 
3.5888671875 -0.16222746386302 -0.16222396242983 
3.59375 -0.16253409565953 -0.16253038473781 
3.5986328125 -0.16284258405964 -0.16283858770744 
3.603515625 -0.1631529547623 -0.16314866701501 
3.6083984375 -0.1634652572643 -0.16346068745283 
3.61328125 -0.16377933229055 -0.16377451850935 
3.6181640625 -0.16409523406975 -0.1640901183636 
3.623046875 -0.16441294592283 -0.16440760118071 
3.6279296875 -0.16473252241179 -0.16472703589231 
3.6328125 -0.16505397683367 -0.16504845753516 
3.6376953125 -0.165377316743 -0.16537181668586 
3.642578125 -0.16570254248595 -0.16569710756279 
3.6474609375 -0.16602976388686 -0.16602433406578 
3.65234375 -0.16635904387382 -0.16635356932926 
3.6572265625 -0.16669027849867 -0.16668473065794 
3.662109375 -0.16702347364097 -0.16701778104583 
3.6669921875 -0.16735855775697 -0.16735277779963 
3.671875 -0.16769557971627 -0.16768972652402 
3.6767578125 -0.16803466594792 -0.16802870698281 
3.681640625 -0.16837576178505 -0.16836979259774 
3.6865234375 -0.16871887548423 -0.16871289199327 
3.69140625 -0.16906408966894 -0.16905800482133 
3.6962890625 -0.1694113458128 -0.16940521067463 
3.701171875 -0.16976071875266 -0.16975445543426 
3.7060546875 -0.17011214280014 -0.17010580642705 
3.7109375 -0.17046570421004 -0.17045917897012 
3.7158203125 -0.17082130993074 -0.1708144958025 
3.720703125 -0.17117907129836 -0.17117187519787 
3.7255859375 -0.17153891001555 -0.17153130311246 
3.73046875 -0.17190090599986 -0.17189289547212 
3.7353515625 -0.17226511767553 -0.17225667288755 
3.740234375 -0.17263147750199 -0.17262281706925 
3.7451171875 -0.17299995084815 -0.17299117095532 
3.75 -0.17337068804516 -0.17336164338058 
3.7548828125 -0.17374379775832 -0.17373430022643 
3.759765625 -0.17411912924605 -0.17410910219451 
3.7646484375 -0.17449671004163 -0.17448616831929 
3.76953125 -0.17487658640396 -0.17486546010285 
3.7744140625 -0.17525878807262 -0.17524702153474 
3.779296875 -0.1756433433005 -0.17563086181355 
3.7841796875 -0.17603022992515 -0.17601695682336 
3.7890625 -0.17641949166312 -0.1764054644811 
3.7939453125 -0.17681111510606 -0.17679643683335 
3.798828125 -0.17720499749282 -0.1771897153613 
3.8037109375 -0.17760124392616 -0.17758536820832 
3.80859375 -0.17799987621998 -0.177983356439 
3.8134765625 -0.17840096659851 -0.17838370551465 
3.818359375 -0.17880444984307 -0.17878644513592 
3.8232421875 -0.17921033449375 -0.17919167710431 
3.828125 -0.17961879717993 -0.17959945407442 
3.8330078125 -0.18002982286029 -0.18000983712167 
3.837890625 -0.18044340791171 -0.18042265787103 
3.8427734375 -0.18085951688738 -0.18083806118879 
3.84765625 -0.18127810496731 -0.1812560635829 
3.8525390625 -0.18169920302677 -0.1816766161238 
3.857421875 -0.18212290461414 -0.18209983671792 
3.8623046875 -0.18254927335448 -0.18252570316216 
3.8671875 -0.18297834822683 -0.18295418709997 
3.8720703125 -0.1834101267784 -0.18338540441438 
3.876953125 -0.18384454505285 -0.18381918226891 
3.8818359375 -0.18428164201423 -0.18425559949735 
3.88671875 -0.18472152693931 -0.18469478062158 
3.8916015625 -0.18516407932629 -0.18513673218369 
3.896484375 -0.18560930366665 -0.18558158104753 
3.9013671875 -0.18605729202396 -0.18602919698217 
3.90625 -0.18650805547952 -0.18647962163291 
3.9111328125 -0.18696172843013 -0.18693277139472 
3.916015625 -0.18741821162714 -0.18738875113024 
3.9208984375 -0.1878775108875 -0.18784751415425 
3.92578125 -0.18833966851673 -0.18830911363283 
3.9306640625 -0.18880476050952 -0.18877367065648 
3.935546875 -0.18927269759653 -0.18924121871231 
3.9404296875 -0.18974342214748 -0.18971162291811 
3.9453125 -0.1902169831261 -0.19018487450329 
3.9501953125 -0.19069348741766 -0.19066106638854 
3.955078125 -0.19117307193588 -0.19114026006383 
3.9599609375 -0.19165570661129 -0.19162241502626 
3.96484375 -0.19214135539049 -0.19210767276786 
3.9697265625 -0.19263004543976 -0.19259609135345 
3.974609375 -0.19312187791217 -0.19308759350325 
3.9794921875 -0.1936167891198 -0.19358229832406 
3.984375 -0.19411479546309 -0.19408008753288 
3.9892578125 -0.19461599235816 -0.19458110135246 
3.994140625 -0.19512033308563 -0.19508534550817 
3.9990234375 -0.19562783143884 -0.19559281686655 
4.00390625 -0.19613847730695 -0.1961034198907 
4.0087890625 -0.19665245007551 -0.19661730720184 
4.013671875 -0.19716964819619 -0.19713448643105 
4.0185546875 -0.1976902293389 -0.19765510805904 
4.0234375 -0.19821423390409 -0.19817917701549 
4.0283203125 -0.19874160768794 -0.19870669779536 
4.033203125 -0.19927245037875 -0.19923761733744 
4.0380859375 -0.19980674482978 -0.19977194728084 
4.04296875 -0.20034443562157 -0.20030972163213 
4.0478515625 -0.20088551348503 -0.20085094404225 
4.052734375 -0.20143002380953 -0.20139582752489 
4.0576171875 -0.2019780583446 -0.20194443767243 
4.0625 -0.20252972758421 -0.20249661246489 
4.0673828125 -0.20308496888455 -0.20305240152338 
4.072265625 -0.20364387173625 -0.20361177206718 
4.0771484375 -0.20420652140529 -0.20417488643577 
4.08203125 -0.20477291649445 -0.20474165337016 
4.0869140625 -0.2053429422054 -0.20531217683653 
4.091796875 -0.20591672321615 -0.20588644483413 
4.0966796875 -0.20649425985872 -0.20646447754267 
4.1015625 -0.20707545080009 -0.20704631713311 
4.1064453125 -0.20766034884193 -0.20763192096154 
4.111328125 -0.20824907620672 -0.20822136084701 
4.1162109375 -0.20884178955774 -0.20881464423375 
4.12109375 -0.20943839522779 -0.20941180368231 
4.1259765625 -0.21003900053851 -0.21001301157363 
4.130859375 -0.21064361059844 -0.21061821488953 
4.1357421875 -0.21125234352131 -0.21122744218664 
4.140625 -0.2118651251937 -0.21184065440496 
4.1455078125 -0.21248202532608 -0.21245795715028 
4.150390625 -0.21310303442572 -0.21307929814577 
4.1552734375 -0.21372825845457 -0.21370479196852 
4.16015625 -0.21435773271804 -0.21433455158294 
4.1650390625 -0.21499139231576 -0.21496844864959 
4.169921875 -0.21562930365067 -0.21560651702352 
4.1748046875 -0.21627153904882 -0.21624888182416 
4.1796875 -0.21691810129694 -0.21689551672962 
4.1845703125 -0.21756915277298 -0.2175465964078 
4.189453125 -0.21822471373338 -0.21820214645494 
4.1943359375 -0.21888477231088 -0.21886216187164 
4.19921875 -0.21954950671715 -0.21952673395421 
4.2041015625 -0.22021874994998 -0.22019589776014 
4.208984375 -0.22089262796108 -0.22086958727894 
4.2138671875 -0.22157114582434 -0.22154787844367 
4.21875 -0.22225433834421 -0.2222308115062 
4.2236328125 -0.22294220794783 -0.22291843817771 
4.228515625 -0.22363478323856 -0.22361081121197 
4.2333984375 -0.22433222340169 -0.22430800829621 
4.23828125 -0.22503459329609 -0.22501025920227 
4.2431640625 -0.22574188211235 -0.22571746351384 
4.248046875 -0.22645409388755 -0.22642960712466 
4.2529296875 -0.22717119243696 -0.22714666842908 
4.2578125 -0.22789324567035 -0.22786872620794 
4.2626953125 -0.22862033718428 -0.22859598207429 
4.267578125 -0.22935249553677 -0.22932832407595 
4.2724609375 -0.23008974814795 -0.23006581544199 
4.27734375 -0.23083217252277 -0.23080848453361 
4.2822265625 -0.23157992336663 -0.23155641372978 
4.287109375 -0.23233295471329 -0.2323096359131 
4.2919921875 -0.23309129652772 -0.23306815556536 
4.296875 -0.23385505422632 -0.23383209145993 
4.3017578125 -0.23462429115595 -0.23460152718885 
4.306640625 -0.23539895693119 -0.23537640893077 
4.3115234375 -0.23617911608869 -0.23615666351745 
4.31640625 -0.23696494608301 -0.23694254208681 
4.3212890625 -0.23775642031055 -0.23773406785139 
4.326171875 -0.23855356313397 -0.23853127933638 
4.3310546875 -0.23935652111749 -0.23933419953703 
4.3359375 -0.2401652593867 -0.24014280292091 
4.3408203125 -0.24097993673562 -0.2409571588657 
4.345703125 -0.2418005924786 -0.24177751878781 
4.3505859375 -0.24262732282465 -0.24260389121209 
4.35546875 -0.24346010198509 -0.24343632393958 
4.3603515625 -0.2442989916956 -0.24427481390072 
4.365234375 -0.24514404359162 -0.24511950693415 
4.3701171875 -0.24599537054368 -0.24597049232844 
4.375 -0.24685310506462 -0.24682775346259 
4.3798828125 -0.24771724450724 -0.2476914845348 
4.384765625 -0.24858787642241 -0.24856182331228 
4.3896484375 -0.24946502171994 -0.24943862644532 
4.39453125 -0.25034877562621 -0.25032202611152 
4.3994140625 -0.25123928530188 -0.25121204816407 
4.404296875 -0.25213655691712 -0.25210885289687 
4.4091796875 -0.25304067321159 -0.25301246814237 
4.4140625 -0.25395164133927 -0.25392286424564 
4.4189453125 -0.25486946729805 -0.25484020754476 
4.423828125 -0.25579421434958 -0.25576473773498 
4.4287109375 -0.25672606486664 -0.25669643385553 
4.43359375 -0.2576650932938 -0.25763519060079 
4.4384765625 -0.25861121863332 -0.25858105180182 
4.443359375 -0.25956452108577 -0.25953408550989 
4.4482421875 -0.26052513379787 -0.26049438642276 
4.453125 -0.26149308609928 -0.26146208405514 
4.4580078125 -0.26246849409902 -0.26243731826131 
4.462890625 -0.26345148730234 -0.26342010657783 
4.4677734375 -0.26444211864463 -0.26441056353348 
4.47265625 -0.26544050806891 -0.26540879562773 
4.4775390625 -0.26644666520918 -0.26641469707177 
4.482421875 -0.26746053443123 -0.26742844432331 
4.4873046875 -0.26848240652484 -0.26845012735464 
4.4921875 -0.26951236302651 -0.2694798639184 
4.4970703125 -0.27055041811154 -0.2705176516472 
4.501953125 -0.2715965891881 -0.27156365477064 
4.5068359375 -0.27265114389732 -0.27261796417837 
4.51171875 -0.27371418767013 -0.27368061674899 
4.5166015625 -0.27478575327034 -0.27475178362923 
4.521484375 -0.2758658915441 -0.27583170759091 
4.5263671875 -0.27695477039781 -0.27692045810503 
4.53125 -0.27805248405175 -0.27801810506871 
4.5361328125 -0.27915898214106 -0.27912470631525 
4.541015625 -0.28027453801507 -0.28024036771017 
4.5458984375 -0.28139929600609 -0.2813650763258 
4.55078125 -0.28253329804028 -0.28249895267531 
4.5556640625 -0.28367656508932 -0.28364203739671 
4.560546875 -0.28482912056168 -0.28479464331267 
4.5654296875 -0.28599109896265 -0.28595690857337 
4.5703125 -0.28716258780201 -0.2871286829166 
4.5751953125 -0.28834373060077 -0.28831014290064 
4.580078125 -0.28953481575562 -0.2895014426263 
4.5849609375 -0.29073590443295 -0.29070252973019 
4.58984375 -0.291947067508 -0.29191364995192 
4.5947265625 -0.29316831730969 -0.29313478901721 
4.599609375 -0.29439967480093 -0.29436597273188 
4.6044921875 -0.29564153593273 -0.29560743196438 
4.609375 -0.2968938202043 -0.29685943263419 
4.6142578125 -0.29815671181056 -0.29812208690935 
4.619140625 -0.29943050204647 -0.29939559695559 
4.6240234375 -0.30071514712592 -0.30067995038123 
4.62890625 -0.3020107390857 -0.30197535388066 
4.6337890625 -0.30331747151322 -0.3032819398932 
4.638671875 -0.30463542131272 -0.30459989671394 
4.6435546875 -0.30596478672004 -0.30592913646292 
4.6484375 -0.30730576898961 -0.30726992993589 
4.6533203125 -0.30865835366757 -0.30862229268819 
4.658203125 -0.31002261362412 -0.30998649239595 
4.6630859375 -0.31139886448257 -0.31136259714291 
4.66796875 -0.31278725934161 -0.31275080426673 
4.6728515625 -0.31418793436371 -0.31415111413633 
4.677734375 -0.31560089100961 -0.31556379898471 
4.6826171875 -0.31702628009846 -0.31698901478282 
4.6875 -0.31846424857438 -0.31842683947856 
4.6923828125 -0.31991492093146 -0.31987740695176 
4.697265625 -0.32137849293441 -0.32134089813522 
4.7021484375 -0.32285525974236 -0.32281763300812 
4.70703125 -0.32434535564403 -0.32430778877669 
4.7119140625 -0.3258489837405 -0.32581154806722 
4.716796875 -0.32736628852404 -0.32732894143609 
4.7216796875 -0.32889744302263 -0.32886001453389 
4.7265625 -0.33044270547482 -0.33040507079676 
4.7314453125 -0.33200237386644 -0.33196432656117 
4.736328125 -0.33357657818823 -0.33353804484307 
4.7412109375 -0.33516547418601 -0.3351263958243 
4.74609375 -0.33676922809662 -0.33672955469373 
4.7509765625 -0.33838792010671 -0.33834774256457 
4.755859375 -0.34002183396345 -0.33998115437066 
4.7607421875 -0.34167093560439 -0.34162984629295 
4.765625 -0.34333546393335 -0.34329396607411 
4.7705078125 -0.34501575287004 -0.34497376515704 
4.775390625 -0.34671213910156 -0.34666959596611 
4.7802734375 -0.34842477087079 -0.34838148050459 
4.78515625 -0.35015381580882 -0.3501098171449 
4.7900390625 -0.35189942825316 -0.35185458607061 
4.794921875 -0.35366183039754 -0.35361620810503 
4.7998046875 -0.35544131102764 -0.35539493315222 
4.8046875 -0.35723815348208 -0.35719105471726 
4.8095703125 -0.35905256124149 -0.35900487124002 
4.814453125 -0.3608848355035 -0.36083644184845 
4.8193359375 -0.36273525344325 -0.36268602328735 
4.82421875 -0.36460393596379 -0.36455390384622 
4.8291015625 -0.36649111846165 -0.36644028805474 
4.833984375 -0.36839710320636 -0.36834548003096 
4.8388671875 -0.37032217848263 -0.37026971548477 
4.84375 -0.37226666969926 -0.3722133514968 
4.8486328125 -0.37423071529666 -0.37417652665143 
4.853515625 -0.37621464490249 -0.3761595995673 
4.8583984375 -0.37821858257959 -0.37816277311606 
4.86328125 -0.38024276137381 -0.38018623790669 
4.8681640625 -0.38228763992771 -0.38223036082944 
4.873046875 -0.38435346237241 -0.38429539329889 
4.8779296875 -0.38644051442418 -0.3863817607671 
4.8828125 -0.38854931188768 -0.38848985673035 
4.8876953125 -0.39068005942173 -0.39061988050789 
4.892578125 -0.39283288669863 -0.39277200696594 
4.8974609375 -0.39500827390682 -0.39494659896472 
4.90234375 -0.39720660380024 -0.39714404295191 
4.9072265625 -0.39942803065893 -0.39936471467055 
4.912109375 -0.40167308264969 -0.40160896359177 
4.9169921875 -0.40394234971221 -0.40387721784074 
4.921875 -0.40623588523796 -0.40616977610859 
4.9267578125 -0.40855417594038 -0.40848709052659 
4.931640625 -0.41089764862615 -0.41082958500353 
4.9365234375 -0.41326651366765 -0.4131975060437 
4.94140625 -0.41566112429059 -0.41559111094892 
4.9462890625 -0.41808172363805 -0.41801068198298 
4.951171875 -0.42052899791085 -0.42045684821167 
4.9560546875 -0.4230033162292 -0.4229299753873 
4.9609375 -0.4255051084293 -0.4254305077518 
4.9658203125 -0.42803479945861 -0.42795893102452 
4.970703125 -0.43059281968746 -0.43051560802588 
4.9755859375 -0.43317957353553 -0.43310105795416 
4.98046875 -0.43579549369941 -0.43571572957111 
4.9853515625 -0.43844095021375 -0.43835985935455 
4.990234375 -0.44111668057736 -0.44103410440505 
4.9951171875 -0.44382315541844 -0.44373912086556 
5 -0.44656087792072 -0.44647561716656 
