# MATSUBARA mesh: N: 1024 beta: 5 statistics: FERMIONIC POSITIVE_ONLY
# MOMENTUM_INDEX mesh: N: 1 dimension: 2 points: (0,0) 
# INDEX mesh: N: 2
0.62831853071796 -0.16355740598816 -0.19760168372611 -0.16355740598816 -0.19760168372611 
1.8849555921539 -0.19429911421281 -0.2803075445672 -0.19429911421281 -0.2803075445672 
3.1415926535898 -0.20501265522953 -0.28370537516444 -0.20501265522953 -0.28370537516444 
4.3982297150257 -0.20458063406455 -0.26643669884763 -0.20458063406455 -0.26643669884763 
5.6548667764616 -0.20014455459498 -0.24521168734767 -0.20014455459498 -0.24521168734767 
6.9115038378975 -0.19490435263029 -0.22396064195799 -0.19490435263029 -0.22396064195799 
8.1681408993335 -0.18986668488102 -0.20506081217812 -0.18986668488102 -0.20506081217812 
9.4247779607694 -0.18557442044659 -0.18725166660569 -0.18557442044659 -0.18725166660569 
10.681415022205 -0.1821928079479 -0.17263131612951 -0.1821928079479 -0.17263131612951 
11.938052083641 -0.17898042044855 -0.15907727354608 -0.17898042044855 -0.15907727354608 
13.194689145077 -0.17661503664013 -0.14794500804923 -0.17661503664013 -0.14794500804923 
14.451326206513 -0.1746634597722 -0.13823911787961 -0.1746634597722 -0.13823911787961 
15.707963267949 -0.17294087752439 -0.12814997952316 -0.17294087752439 -0.12814997952316 
16.964600329385 -0.1713194657258 -0.12047814743748 -0.1713194657258 -0.12047814743748 
18.221237390821 -0.17010888566037 -0.11322267894907 -0.17010888566037 -0.11322267894907 
19.477874452257 -0.16917901284193 -0.10621530913489 -0.16917901284193 -0.10621530913489 
20.734511513693 -0.1682692453949 -0.10050128093811 -0.1682692453949 -0.10050128093811 
21.991148575129 -0.16758798059448 -0.095633812503216 -0.16758798059448 -0.095633812503216 
23.247785636564 -0.16685928204698 -0.090812521061018 -0.16685928204698 -0.090812521061018 
24.504422698 -0.16634176690803 -0.086800186548324 -0.16634176690803 -0.086800186548324 
25.761059759436 -0.16576374991448 -0.082402883863619 -0.16576374991448 -0.082402883863619 
27.017696820872 -0.16525541002131 -0.079135049150043 -0.16525541002131 -0.079135049150043 
28.274333882308 -0.16495021921526 -0.076276951266365 -0.16495021921526 -0.076276951266365 
29.530970943744 -0.16447920596685 -0.07259772225671 -0.16447920596685 -0.07259772225671 
30.78760800518 -0.1643002748371 -0.069804248775441 -0.1643002748371 -0.069804248775441 
32.044245066616 -0.16412919847832 -0.068110584936541 -0.16412919847832 -0.068110584936541 
33.300882128052 -0.16370372073112 -0.066033655426111 -0.16370372073112 -0.066033655426111 
34.557519189488 -0.16355216678905 -0.063425636384764 -0.16355216678905 -0.063425636384764 
35.814156250924 -0.1634731240495 -0.06112472655559 -0.1634731240495 -0.06112472655559 
37.07079331236 -0.16330063922124 -0.058055620720047 -0.16330063922124 -0.058055620720047 
38.327430373795 -0.16294738236193 -0.056314693712999 -0.16294738236193 -0.056314693712999 
39.584067435231 -0.16289163521718 -0.055173490980877 -0.16289163521718 -0.055173490980877 
40.840704496667 -0.1627105156879 -0.053762976695616 -0.1627105156879 -0.053762976695616 
42.097341558103 -0.16263209310588 -0.052450864359919 -0.16263209310588 -0.052450864359919 
43.353978619539 -0.16237082697733 -0.051063160539861 -0.16237082697733 -0.051063160539861 
44.610615680975 -0.16230508797993 -0.049239872273617 -0.16230508797993 -0.049239872273617 
45.867252742411 -0.16213636229922 -0.048095999695562 -0.16213636229922 -0.048095999695562 
47.123889803847 -0.16218804467985 -0.04619294539453 -0.16218804467985 -0.04619294539453 
48.380526865283 -0.16211307510046 -0.045085397663939 -0.16211307510046 -0.045085397663939 
49.637163926719 -0.16204089334732 -0.043620213514252 -0.16204089334732 -0.043620213514252 
50.893800988155 -0.16193543116704 -0.043346758082549 -0.16193543116704 -0.043346758082549 
52.150438049591 -0.16194569991996 -0.042199109857975 -0.16194569991996 -0.042199109857975 
53.407075111026 -0.16176348410172 -0.041609771047895 -0.16176348410172 -0.041609771047895 
54.663712172462 -0.16172088929825 -0.040728986505322 -0.16172088929825 -0.040728986505322 
55.920349233898 -0.16173934150142 -0.039545724182467 -0.16173934150142 -0.039545724182467 
57.176986295334 -0.16152897684101 -0.038920155785796 -0.16152897684101 -0.038920155785796 
58.43362335677 -0.16151511787566 -0.037404612101369 -0.16151511787566 -0.037404612101369 
59.690260418206 -0.16153411159286 -0.036175330495603 -0.16153411159286 -0.036175330495603 
60.946897479642 -0.16145838845842 -0.03560172257874 -0.16145838845842 -0.03560172257874 
62.203534541078 -0.16142487954599 -0.034847988324195 -0.16142487954599 -0.034847988324195 
63.460171602514 -0.16149110377194 -0.034045416817342 -0.16149110377194 -0.034045416817342 
64.71680866395 -0.16125794820384 -0.033332804574641 -0.16125794820384 -0.033332804574641 
65.973445725386 -0.16132685999645 -0.033016461218097 -0.16132685999645 -0.033016461218097 
67.230082786822 -0.16122179600652 -0.032705921498717 -0.16122179600652 -0.032705921498717 
68.486719848257 -0.16134354028273 -0.031956542680973 -0.16134354028273 -0.031956542680973 
69.743356909693 -0.1613513036406 -0.031980831300061 -0.1613513036406 -0.031980831300061 
70.999993971129 -0.16117245499559 -0.031321796136652 -0.16117245499559 -0.031321796136652 
72.256631032565 -0.16128666132711 -0.031131838707907 -0.16128666132711 -0.031131838707907 
73.513268094001 -0.1611785388852 -0.030652807182037 -0.1611785388852 -0.030652807182037 
74.769905155437 -0.16126247310844 -0.030169016349404 -0.16126247310844 -0.030169016349404 
76.026542216873 -0.16118484440413 -0.02941140387145 -0.16118484440413 -0.02941140387145 
77.283179278309 -0.16114065629215 -0.028889260030979 -0.16114065629215 -0.028889260030979 
78.539816339745 -0.16121728423449 -0.028268538278468 -0.16121728423449 -0.028268538278468 
79.796453401181 -0.16103769055767 -0.027555993874628 -0.16103769055767 -0.027555993874628 
81.053090462617 -0.16114406023577 -0.027984232329601 -0.16114406023577 -0.027984232329601 
82.309727524053 -0.16106866981679 -0.027042894069709 -0.16106866981679 -0.027042894069709 
83.566364585489 -0.16097942067911 -0.026627916494746 -0.16097942067911 -0.026627916494746 
84.823001646924 -0.16100837186238 -0.02615388199888 -0.16100837186238 -0.02615388199888 
86.07963870836 -0.16098754908132 -0.02571126246545 -0.16098754908132 -0.02571126246545 
87.336275769796 -0.16096570484615 -0.025902631811547 -0.16096570484615 -0.025902631811547 
88.592912831232 -0.1609196532781 -0.024617471781056 -0.1609196532781 -0.024617471781056 
89.849549892668 -0.16102787545103 -0.02485527238116 -0.16102787545103 -0.02485527238116 
91.106186954104 -0.16109886325246 -0.024176349353255 -0.16109886325246 -0.024176349353255 
92.36282401554 -0.16084128880547 -0.024158905719986 -0.16084128880547 -0.024158905719986 
93.619461076976 -0.16091895464606 -0.024195600641974 -0.16091895464606 -0.024195600641974 
94.876098138412 -0.16088941197439 -0.023414986395608 -0.16088941197439 -0.023414986395608 
96.132735199848 -0.16081154148633 -0.023514217636375 -0.16081154148633 -0.023514217636375 
97.389372261284 -0.16082834827992 -0.023231926662035 -0.16082834827992 -0.023231926662035 
98.64600932272 -0.16087708863878 -0.022613072421976 -0.16087708863878 -0.022613072421976 
99.902646384155 -0.16078181022931 -0.022516370575076 -0.16078181022931 -0.022516370575076 
101.15928344559 -0.1608426885034 -0.021839622285611 -0.1608426885034 -0.021839622285611 
102.41592050703 -0.16077907164768 -0.022054280748691 -0.16077907164768 -0.022054280748691 
103.67255756846 -0.16082912403649 -0.021627287651384 -0.16082912403649 -0.021627287651384 
104.9291946299 -0.16085154445454 -0.02155221976183 -0.16085154445454 -0.02155221976183 
106.18583169134 -0.16074563852346 -0.020429607745115 -0.16074563852346 -0.020429607745115 
107.44246875277 -0.16076941870765 -0.021001639180255 -0.16076941870765 -0.021001639180255 
108.69910581421 -0.16090828911195 -0.020712503020093 -0.16090828911195 -0.020712503020093 
109.95574287564 -0.16071577722495 -0.020464786188825 -0.16071577722495 -0.020464786188825 
111.21237993708 -0.16077117737883 -0.020558757695241 -0.16077117737883 -0.020558757695241 
112.46901699851 -0.16079689226291 -0.01921551679149 -0.16079689226291 -0.01921551679149 
113.72565405995 -0.16073906430151 -0.018811568796096 -0.16073906430151 -0.018811568796096 
114.98229112139 -0.16047866257355 -0.018754904999341 -0.16047866257355 -0.018754904999341 
116.23892818282 -0.16076858075924 -0.020039447004109 -0.16076858075924 -0.020039447004109 
117.49556524426 -0.16076863944309 -0.018740612835487 -0.16076863944309 -0.018740612835487 
118.75220230569 -0.16059747607009 -0.018949208476116 -0.16059747607009 -0.018949208476116 
120.00883936713 -0.16065925683783 -0.018796963001577 -0.16065925683783 -0.018796963001577 
121.26547642857 -0.16074676592181 -0.017829683232165 -0.16074676592181 -0.017829683232165 
122.52211349 -0.16068658662562 -0.018357339886848 -0.16068658662562 -0.018357339886848 
123.77875055144 -0.16071954626064 -0.01819368612037 -0.16071954626064 -0.01819368612037 
125.03538761287 -0.16060221448155 -0.017928647518971 -0.16060221448155 -0.017928647518971 
126.29202467431 -0.16061032417075 -0.017138065205941 -0.16061032417075 -0.017138065205941 
127.54866173575 -0.16062381469608 -0.016469577598954 -0.16062381469608 -0.016469577598954 
128.80529879718 -0.16074587872173 -0.01678826087354 -0.16074587872173 -0.01678826087354 
130.06193585862 -0.1607858934297 -0.017021828414045 -0.1607858934297 -0.017021828414045 
131.31857292005 -0.16082595510911 -0.016787349868054 -0.16082595510911 -0.016787349868054 
132.57520998149 -0.16078983438042 -0.016763816567078 -0.16078983438042 -0.016763816567078 
133.83184704293 -0.16062826021478 -0.016550304791366 -0.16062826021478 -0.016550304791366 
135.08848410436 -0.1606417669052 -0.016859493414984 -0.1606417669052 -0.016859493414984 
136.3451211658 -0.16077082041156 -0.016074955156114 -0.16077082041156 -0.016074955156114 
137.60175822723 -0.1607913567433 -0.01547637779143 -0.1607913567433 -0.01547637779143 
138.85839528867 -0.16055326683915 -0.01492167535207 -0.16055326683915 -0.01492167535207 
140.1150323501 -0.16072635725364 -0.016135742363844 -0.16072635725364 -0.016135742363844 
141.37166941154 -0.16058555508083 -0.015307989320689 -0.16058555508083 -0.015307989320689 
142.62830647298 -0.16064511209535 -0.014949516637103 -0.16064511209535 -0.014949516637103 
143.88494353441 -0.16083948405723 -0.015342350857765 -0.16083948405723 -0.015342350857765 
145.14158059585 -0.16063241911211 -0.014715277841105 -0.16063241911211 -0.014715277841105 
146.39821765728 -0.16059438258801 -0.015020945658961 -0.16059438258801 -0.015020945658961 
147.65485471872 -0.16066607603614 -0.014535918169287 -0.16066607603614 -0.014535918169287 
148.91149178016 -0.16064281086622 -0.014954124321832 -0.16064281086622 -0.014954124321832 
150.16812884159 -0.16056397327457 -0.015348819401794 -0.16056397327457 -0.015348819401794 
151.42476590303 -0.16068570557471 -0.014764444224312 -0.16068570557471 -0.014764444224312 
152.68140296446 -0.16071989762082 -0.014292058826896 -0.16071989762082 -0.014292058826896 
153.9380400259 -0.16070938792939 -0.014719328739659 -0.16070938792939 -0.014719328739659 
155.19467708734 -0.16082862820669 -0.014955002883198 -0.16082862820669 -0.014955002883198 
156.45131414877 -0.16061344867468 -0.014265851327252 -0.16061344867468 -0.014265851327252 
157.70795121021 -0.16065034097154 -0.013939765644352 -0.16065034097154 -0.013939765644352 
158.96458827164 -0.16069166615404 -0.014376035138753 -0.16069166615404 -0.014376035138753 
160.22122533308 -0.1606431686755 -0.013349386854912 -0.1606431686755 -0.013349386854912 
161.47786239452 -0.16063543856406 -0.013571953344098 -0.16063543856406 -0.013571953344098 
162.73449945595 -0.16037911890235 -0.014295239941987 -0.16037911890235 -0.014295239941987 
163.99113651739 -0.16057932213752 -0.013334179893775 -0.16057932213752 -0.013334179893775 
165.24777357882 -0.16059715980109 -0.014058496251295 -0.16059715980109 -0.014058496251295 
166.50441064026 -0.16073877014339 -0.014472370683194 -0.16073877014339 -0.014472370683194 
167.76104770169 -0.16066879262566 -0.014160744531438 -0.16066879262566 -0.014160744531438 
169.01768476313 -0.16063940065539 -0.013292264711282 -0.16063940065539 -0.013292264711282 
170.27432182457 -0.16054206946497 -0.013596553114667 -0.16054206946497 -0.013596553114667 
171.530958886 -0.16048249211507 -0.013877864304334 -0.16048249211507 -0.013877864304334 
172.78759594744 -0.16059718714429 -0.013456169863787 -0.16059718714429 -0.013456169863787 
174.04423300887 -0.16068404524234 -0.013692950848309 -0.16068404524234 -0.013692950848309 
175.30087007031 -0.16058796158026 -0.013477666134492 -0.16058796158026 -0.013477666134492 
176.55750713175 -0.16056222249351 -0.013241845013027 -0.16056222249351 -0.013241845013027 
177.81414419318 -0.16060533524296 -0.012541223248149 -0.16060533524296 -0.012541223248149 
179.07078125462 -0.16072741517787 -0.012936786917408 -0.16072741517787 -0.012936786917408 
180.32741831605 -0.16056322805483 -0.012399999903323 -0.16056322805483 -0.012399999903323 
181.58405537749 -0.16055769451348 -0.012562444143896 -0.16055769451348 -0.012562444143896 
182.84069243893 -0.16052239017491 -0.012026067848893 -0.16052239017491 -0.012026067848893 
184.09732950036 -0.16061741692702 -0.011908550566204 -0.16061741692702 -0.011908550566204 
185.3539665618 -0.16039745147322 -0.011343980695244 -0.16039745147322 -0.011343980695244 
186.61060362323 -0.16050600511817 -0.011776799932733 -0.16050600511817 -0.011776799932733 
187.86724068467 -0.1606279742957 -0.011907773858439 -0.1606279742957 -0.011907773858439 
189.12387774611 -0.16062191822541 -0.011654550733795 -0.16062191822541 -0.011654550733795 
190.38051480754 -0.16075597583484 -0.011403744309405 -0.16075597583484 -0.011403744309405 
191.63715186898 -0.1606290307082 -0.011300292637088 -0.1606290307082 -0.011300292637088 
192.89378893041 -0.16049479471684 -0.011687937851832 -0.16049479471684 -0.011687937851832 
194.15042599185 -0.16052934037788 -0.01235282589181 -0.16052934037788 -0.01235282589181 
195.40706305329 -0.16056435823625 -0.012094789138075 -0.16056435823625 -0.012094789138075 
196.66370011472 -0.16051911914302 -0.011129993570478 -0.16051911914302 -0.011129993570478 
197.92033717616 -0.16054174602773 -0.012077031407131 -0.16054174602773 -0.012077031407131 
199.17697423759 -0.16052084883337 -0.011954277897246 -0.16052084883337 -0.011954277897246 
200.43361129903 -0.16060915995493 -0.011826246260654 -0.16060915995493 -0.011826246260654 
201.69024836046 -0.16056411993275 -0.011454207252115 -0.16056411993275 -0.011454207252115 
202.9468854219 -0.16051954074895 -0.010641637843179 -0.16051954074895 -0.010641637843179 
204.20352248334 -0.16054196418533 -0.010986479168309 -0.16054196418533 -0.010986479168309 
205.46015954477 -0.16045217778161 -0.01086528361688 -0.16045217778161 -0.01086528361688 
206.71679660621 -0.16051915869369 -0.010770195260676 -0.16051915869369 -0.010770195260676 
207.97343366764 -0.16064528409311 -0.010690999411821 -0.16064528409311 -0.010690999411821 
209.23007072908 -0.16044034182117 -0.010589851227337 -0.16044034182117 -0.010589851227337 
210.48670779052 -0.16058776917475 -0.011303349827472 -0.16058776917475 -0.011303349827472 
211.74334485195 -0.16044615591823 -0.010714319058053 -0.16044615591823 -0.010714319058053 
212.99998191339 -0.16045841001945 -0.011078380076441 -0.16045841001945 -0.011078380076441 
214.25661897482 -0.16054569979407 -0.010920464046421 -0.16054569979407 -0.010920464046421 
215.51325603626 -0.16049793326999 -0.010462337147402 -0.16049793326999 -0.010462337147402 
216.7698930977 -0.16059929422437 -0.010155544045489 -0.16059929422437 -0.010155544045489 
218.02653015913 -0.16056152545606 -0.010253125168418 -0.16056152545606 -0.010253125168418 
219.28316722057 -0.16043117271846 -0.0096204493845562 -0.16043117271846 -0.0096204493845562 
220.539804282 -0.16056804116718 -0.010259314901703 -0.16056804116718 -0.010259314901703 
221.79644134344 -0.16043912345001 -0.0098146019184071 -0.16043912345001 -0.0098146019184071 
223.05307840488 -0.16049098586609 -0.010564306649599 -0.16049098586609 -0.010564306649599 
224.30971546631 -0.16053764836696 -0.010064820121954 -0.16053764836696 -0.010064820121954 
225.56635252775 -0.16056399292864 -0.0099195812049402 -0.16056399292864 -0.0099195812049402 
226.82298958918 -0.16061381018359 -0.0098317358936129 -0.16061381018359 -0.0098317358936129 
228.07962665062 -0.1605835754002 -0.009174995670918 -0.1605835754002 -0.009174995670918 
229.33626371205 -0.16040559567649 -0.010256908759118 -0.16040559567649 -0.010256908759118 
230.59290077349 -0.16038360132863 -0.0098427248577764 -0.16038360132863 -0.0098427248577764 
231.84953783493 -0.16056169612258 -0.009888537885729 -0.16056169612258 -0.009888537885729 
233.10617489636 -0.16044367563723 -0.0099660662342274 -0.16044367563723 -0.0099660662342274 
234.3628119578 -0.16069485936784 -0.0097491500925742 -0.16069485936784 -0.0097491500925742 
235.61944901923 -0.16048108049351 -0.0090325093453316 -0.16048108049351 -0.0090325093453316 
236.87608608067 -0.16043574282474 -0.0085706593963266 -0.16043574282474 -0.0085706593963266 
238.13272314211 -0.16032650242227 -0.0096174931750568 -0.16032650242227 -0.0096174931750568 
239.38936020354 -0.16049588098824 -0.0087235373188435 -0.16049588098824 -0.0087235373188435 
240.64599726498 -0.16054666106938 -0.0095366351967812 -0.16054666106938 -0.0095366351967812 
241.90263432641 -0.16038794046381 -0.0087076074399874 -0.16038794046381 -0.0087076074399874 
243.15927138785 -0.16054335565244 -0.0096779557823083 -0.16054335565244 -0.0096779557823083 
244.41590844929 -0.1605178921245 -0.0083766612298177 -0.1605178921245 -0.0083766612298177 
245.67254551072 -0.16055456081361 -0.0086117406926007 -0.16055456081361 -0.0086117406926007 
246.92918257216 -0.1604851343353 -0.0088947072875953 -0.1604851343353 -0.0088947072875953 
248.18581963359 -0.1605161868026 -0.0090270569781126 -0.1605161868026 -0.0090270569781126 
249.44245669503 -0.16066983131208 -0.0086342113633293 -0.16066983131208 -0.0086342113633293 
250.69909375647 -0.16054068907282 -0.0085080983098749 -0.16054068907282 -0.0085080983098749 
251.9557308179 -0.16040495953634 -0.0089586626109508 -0.16040495953634 -0.0089586626109508 
253.21236787934 -0.16046216414802 -0.0092024042518801 -0.16046216414802 -0.0092024042518801 
254.46900494077 -0.1604337639576 -0.008761026779041 -0.1604337639576 -0.008761026779041 
255.72564200221 -0.16052484657583 -0.0088553282284067 -0.16052484657583 -0.0088553282284067 
256.98227906365 -0.16054249477531 -0.0086862322653474 -0.16054249477531 -0.0086862322653474 
258.23891612508 -0.16063142648488 -0.0091776132632617 -0.16063142648488 -0.0091776132632617 
259.49555318652 -0.16057231764683 -0.0088454095214843 -0.16057231764683 -0.0088454095214843 
260.75219024795 -0.16051377982974 -0.0091541416423411 -0.16051377982974 -0.0091541416423411 
262.00882730939 -0.1605208353 -0.0093108001421456 -0.1605208353 -0.0093108001421456 
263.26546437082 -0.16051454955629 -0.0085469017300284 -0.16051454955629 -0.0085469017300284 
264.52210143226 -0.16045209546928 -0.0086379532315846 -0.16045209546928 -0.0086379532315846 
265.7787384937 -0.16057773874909 -0.0086176021956703 -0.16057773874909 -0.0086176021956703 
267.03537555513 -0.16053566592984 -0.008241185661177 -0.16053566592984 -0.008241185661177 
268.29201261657 -0.1604856403148 -0.007544621317038 -0.1604856403148 -0.007544621317038 
269.548649678 -0.16034233976722 -0.0082821592904452 -0.16034233976722 -0.0082821592904452 
270.80528673944 -0.16056370858937 -0.0084053105853172 -0.16056370858937 -0.0084053105853172 
272.06192380088 -0.16047433470159 -0.0082969074221637 -0.16047433470159 -0.0082969074221637 
273.31856086231 -0.16056263107995 -0.0082523788257731 -0.16056263107995 -0.0082523788257731 
274.57519792375 -0.16050736959032 -0.0084007918918019 -0.16050736959032 -0.0084007918918019 
275.83183498518 -0.16050887836974 -0.0088607119246831 -0.16050887836974 -0.0088607119246831 
277.08847204662 -0.16061147843726 -0.0079920975118739 -0.16061147843726 -0.0079920975118739 
278.34510910806 -0.16050495530122 -0.0081255684867187 -0.16050495530122 -0.0081255684867187 
279.60174616949 -0.16051736928508 -0.0087906113361669 -0.16051736928508 -0.0087906113361669 
280.85838323093 -0.1605895460305 -0.0077533678565942 -0.1605895460305 -0.0077533678565942 
282.11502029236 -0.16054364513009 -0.0087639084023294 -0.16054364513009 -0.0087639084023294 
283.3716573538 -0.1605827977595 -0.0081696995609946 -0.1605827977595 -0.0081696995609946 
284.62829441524 -0.16058545451946 -0.0084973461260915 -0.16058545451946 -0.0084973461260915 
285.88493147667 -0.16052351655652 -0.0078621266501386 -0.16052351655652 -0.0078621266501386 
287.14156853811 -0.16042572391844 -0.0087359440787509 -0.16042572391844 -0.0087359440787509 
288.39820559954 -0.16048265231276 -0.008059471556237 -0.16048265231276 -0.008059471556237 
289.65484266098 -0.16036686238943 -0.0079223316472508 -0.16036686238943 -0.0079223316472508 
290.91147972241 -0.16047238570621 -0.0075072971265513 -0.16047238570621 -0.0075072971265513 
292.16811678385 -0.16040820007869 -0.0071558604324764 -0.16040820007869 -0.0071558604324764 
293.42475384529 -0.1604273154993 -0.0074141103753504 -0.1604273154993 -0.0074141103753504 
294.68139090672 -0.1603665754921 -0.0075804234287489 -0.1603665754921 -0.0075804234287489 
295.93802796816 -0.16046107156499 -0.0073546357477881 -0.16046107156499 -0.0073546357477881 
297.19466502959 -0.16046290639976 -0.0073437795268205 -0.16046290639976 -0.0073437795268205 
298.45130209103 -0.16040973006951 -0.0078967116456852 -0.16040973006951 -0.0078967116456852 
299.70793915247 -0.16057269217514 -0.0077390776498873 -0.16057269217514 -0.0077390776498873 
300.9645762139 -0.16038979074455 -0.0072111082290576 -0.16038979074455 -0.0072111082290576 
302.22121327534 -0.16034503836884 -0.0069549363860233 -0.16034503836884 -0.0069549363860233 
303.47785033677 -0.16041626767227 -0.0069271067674208 -0.16041626767227 -0.0069271067674208 
304.73448739821 -0.16055028373688 -0.0075343501010252 -0.16055028373688 -0.0075343501010252 
305.99112445965 -0.16043984303518 -0.0085071892282258 -0.16043984303518 -0.0085071892282258 
307.24776152108 -0.16053013997534 -0.0079105258648156 -0.16053013997534 -0.0079105258648156 
308.50439858252 -0.16059803439507 -0.0070972127687128 -0.16059803439507 -0.0070972127687128 
309.76103564395 -0.16048537544699 -0.006553125292271 -0.16048537544699 -0.006553125292271 
311.01767270539 -0.16050075702037 -0.0068663992883558 -0.16050075702037 -0.0068663992883558 
312.27430976683 -0.16046704037118 -0.0074549398466388 -0.16046704037118 -0.0074549398466388 
313.53094682826 -0.16044112340191 -0.0069645154587761 -0.16044112340191 -0.0069645154587761 
314.7875838897 -0.16053574349346 -0.0070622919556058 -0.16053574349346 -0.0070622919556058 
316.04422095113 -0.16035139358105 -0.0071293005208304 -0.16035139358105 -0.0071293005208304 
317.30085801257 -0.16050600820452 -0.0071598376791826 -0.16050600820452 -0.0071598376791826 
318.55749507401 -0.16058261160368 -0.0074930623010232 -0.16058261160368 -0.0074930623010232 
319.81413213544 -0.16047924428655 -0.0067160962431103 -0.16047924428655 -0.0067160962431103 
321.07076919688 -0.16051376422221 -0.0071681425282009 -0.16051376422221 -0.0071681425282009 
322.32740625831 -0.16035337698231 -0.0067081663169688 -0.16035337698231 -0.0067081663169688 
323.58404331975 -0.16059078772857 -0.0067036337790682 -0.16059078772857 -0.0067036337790682 
324.84068038118 -0.16043787227865 -0.006363913882808 -0.16043787227865 -0.006363913882808 
326.09731744262 -0.16057589022747 -0.0063627999081746 -0.16057589022747 -0.0063627999081746 
327.35395450406 -0.16047311953927 -0.0064195863589021 -0.16047311953927 -0.0064195863589021 
328.61059156549 -0.1605258471216 -0.0072802252386168 -0.1605258471216 -0.0072802252386168 
329.86722862693 -0.16039337144847 -0.0064120816639388 -0.16039337144847 -0.0064120816639388 
331.12386568836 -0.16036802600257 -0.0067255312337693 -0.16036802600257 -0.0067255312337693 
332.3805027498 -0.16046439849803 -0.0071411276555864 -0.16046439849803 -0.0071411276555864 
333.63713981124 -0.16051024843959 -0.0065727365435464 -0.16051024843959 -0.0065727365435464 
334.89377687267 -0.1604138037373 -0.0060573785606266 -0.1604138037373 -0.0060573785606266 
336.15041393411 -0.16042940687953 -0.0062943807956799 -0.16042940687953 -0.0062943807956799 
337.40705099554 -0.16039475312086 -0.0059129251653758 -0.16039475312086 -0.0059129251653758 
338.66368805698 -0.16049365867957 -0.0061899886618448 -0.16049365867957 -0.0061899886618448 
339.92032511842 -0.16046668313359 -0.0061577512781241 -0.16046668313359 -0.0061577512781241 
341.17696217985 -0.16048881444266 -0.0063157516501064 -0.16048881444266 -0.0063157516501064 
342.43359924129 -0.16056372698542 -0.0060184553221916 -0.16056372698542 -0.0060184553221916 
343.69023630272 -0.16051545645791 -0.0064131828615359 -0.16051545645791 -0.0064131828615359 
344.94687336416 -0.16051116355797 -0.0062336506418319 -0.16051116355797 -0.0062336506418319 
346.2035104256 -0.16036270135214 -0.0058983430621993 -0.16036270135214 -0.0058983430621993 
347.46014748703 -0.16055284141035 -0.0061665082575928 -0.16055284141035 -0.0061665082575928 
348.71678454847 -0.16052630157353 -0.006681649973757 -0.16052630157353 -0.006681649973757 
349.9734216099 -0.16062183911568 -0.0052413510036899 -0.16062183911568 -0.0052413510036899 
351.23005867134 -0.16043738996893 -0.0054769106359913 -0.16043738996893 -0.0054769106359913 
352.48669573277 -0.16055314044324 -0.0058969161220261 -0.16055314044324 -0.0058969161220261 
353.74333279421 -0.16053480473603 -0.006500668033425 -0.16053480473603 -0.006500668033425 
354.99996985565 -0.16055610610746 -0.0060458768725766 -0.16055610610746 -0.0060458768725766 
356.25660691708 -0.16040867236032 -0.0057651859979728 -0.16040867236032 -0.0057651859979728 
357.51324397852 -0.16049546586151 -0.0069869038696879 -0.16049546586151 -0.0069869038696879 
358.76988103995 -0.16047451556819 -0.0059799845205362 -0.16047451556819 -0.0059799845205362 
360.02651810139 -0.16052957048371 -0.0070694172754315 -0.16052957048371 -0.0070694172754315 
361.28315516283 -0.16054597473204 -0.0057849102559544 -0.16054597473204 -0.0057849102559544 
362.53979222426 -0.16055195014215 -0.0058130967777856 -0.16055195014215 -0.0058130967777856 
363.7964292857 -0.16049728500467 -0.0057937065606666 -0.16049728500467 -0.0057937065606666 
365.05306634713 -0.16037881084493 -0.0058591322227812 -0.16037881084493 -0.0058591322227812 
366.30970340857 -0.16046361405797 -0.0062568747969181 -0.16046361405797 -0.0062568747969181 
367.56634047001 -0.16040398243121 -0.006180414171979 -0.16040398243121 -0.006180414171979 
368.82297753144 -0.16046150178648 -0.0060900989554398 -0.16046150178648 -0.0060900989554398 
370.07961459288 -0.16046569817398 -0.0057443592280606 -0.16046569817398 -0.0057443592280606 
371.33625165431 -0.16051390244834 -0.0060514448219351 -0.16051390244834 -0.0060514448219351 
372.59288871575 -0.16051606546346 -0.0059424812174029 -0.16051606546346 -0.0059424812174029 
373.84952577719 -0.16051617634128 -0.0061590331538355 -0.16051617634128 -0.0061590331538355 
375.10616283862 -0.16056014772812 -0.0066327749537436 -0.16056014772812 -0.0066327749537436 
376.36279990006 -0.160527030988 -0.0060724768891305 -0.160527030988 -0.0060724768891305 
377.61943696149 -0.16059092646509 -0.0060086139596933 -0.16059092646509 -0.0060086139596933 
378.87607402293 -0.16042724277879 -0.0066461534362929 -0.16042724277879 -0.0066461534362929 
380.13271108436 -0.16032760393709 -0.0064154436338413 -0.16032760393709 -0.0064154436338413 
381.3893481458 -0.16041130669622 -0.0057176602061872 -0.16041130669622 -0.0057176602061872 
382.64598520724 -0.16038434455405 -0.0060374040880902 -0.16038434455405 -0.0060374040880902 
383.90262226867 -0.16045313597351 -0.0066245717275137 -0.16045313597351 -0.0066245717275137 
385.15925933011 -0.16048417679587 -0.0054240824890144 -0.16048417679587 -0.0054240824890144 
386.41589639154 -0.16038129032595 -0.0061238447277674 -0.16038129032595 -0.0061238447277674 
387.67253345298 -0.16050683704622 -0.0061644557350746 -0.16050683704622 -0.0061644557350746 
388.92917051442 -0.16039057652582 -0.0051773202644654 -0.16039057652582 -0.0051773202644654 
390.18580757585 -0.16050397821758 -0.0053781998976206 -0.16050397821758 -0.0053781998976206 
391.44244463729 -0.16041464800525 -0.0055131640982609 -0.16041464800525 -0.0055131640982609 
392.69908169872 -0.16040258002411 -0.0057292373043651 -0.16040258002411 -0.0057292373043651 
393.95571876016 -0.16038404705178 -0.0060338434713003 -0.16038404705178 -0.0060338434713003 
395.2123558216 -0.16039967347277 -0.0057928542196919 -0.16039967347277 -0.0057928542196919 
396.46899288303 -0.16046357201021 -0.0056139294902096 -0.16046357201021 -0.0056139294902096 
397.72562994447 -0.1604416022672 -0.0047671643107492 -0.1604416022672 -0.0047671643107492 
398.9822670059 -0.16045778579843 -0.0050151855121499 -0.16045778579843 -0.0050151855121499 
400.23890406734 -0.16038729619944 -0.004973518605027 -0.16038729619944 -0.004973518605027 
401.49554112878 -0.16042014721412 -0.0045801878644625 -0.16042014721412 -0.0045801878644625 
402.75217819021 -0.16036662061698 -0.0050307908858258 -0.16036662061698 -0.0050307908858258 
404.00881525165 -0.16055756486446 -0.0047092288559156 -0.16055756486446 -0.0047092288559156 
405.26545231308 -0.16056794163572 -0.0048485783425463 -0.16056794163572 -0.0048485783425463 
406.52208937452 -0.16041106538377 -0.0046131108171608 -0.16041106538377 -0.0046131108171608 
407.77872643596 -0.1605568703712 -0.0049069146774059 -0.1605568703712 -0.0049069146774059 
409.03536349739 -0.16046854323171 -0.005004916903431 -0.16046854323171 -0.005004916903431 
410.29200055883 -0.16037724041117 -0.0054847418086865 -0.16037724041117 -0.0054847418086865 
411.54863762026 -0.16034762406618 -0.0055126493807052 -0.16034762406618 -0.0055126493807052 
412.8052746817 -0.16049573317636 -0.0049929764608692 -0.16049573317636 -0.0049929764608692 
414.06191174313 -0.16030124469592 -0.0054233187205455 -0.16030124469592 -0.0054233187205455 
415.31854880457 -0.16054782614148 -0.0051130106275536 -0.16054782614148 -0.0051130106275536 
416.57518586601 -0.16041144133972 -0.0051693895397875 -0.16041144133972 -0.0051693895397875 
417.83182292744 -0.1604442403465 -0.0056073947640698 -0.1604442403465 -0.0056073947640698 
419.08845998888 -0.1606030904014 -0.0048032252380494 -0.1606030904014 -0.0048032252380494 
420.34509705031 -0.16047973739441 -0.0044091882827502 -0.16047973739441 -0.0044091882827502 
421.60173411175 -0.16041016157768 -0.0045177777957406 -0.16041016157768 -0.0045177777957406 
422.85837117319 -0.16041810407182 -0.0050471874818072 -0.16041810407182 -0.0050471874818072 
424.11500823462 -0.16045484120065 -0.0052954148336539 -0.16045484120065 -0.0052954148336539 
425.37164529606 -0.16052181735033 -0.0044446259799429 -0.16052181735033 -0.0044446259799429 
426.62828235749 -0.1605065996885 -0.0052101257077766 -0.1605065996885 -0.0052101257077766 
427.88491941893 -0.16036214814926 -0.0053836712230577 -0.16036214814926 -0.0053836712230577 
429.14155648037 -0.16049777160145 -0.0055452051546467 -0.16049777160145 -0.0055452051546467 
430.3981935418 -0.16036424069779 -0.0053622939762477 -0.16036424069779 -0.0053622939762477 
431.65483060324 -0.16040297646962 -0.0056354079163157 -0.16040297646962 -0.0056354079163157 
432.91146766467 -0.16059321922334 -0.0056002388220691 -0.16059321922334 -0.0056002388220691 
434.16810472611 -0.1605201211865 -0.0045741602274347 -0.1605201211865 -0.0045741602274347 
435.42474178755 -0.16051162929463 -0.005170897552091 -0.16051162929463 -0.005170897552091 
436.68137884898 -0.16039317576902 -0.004915415574601 -0.16039317576902 -0.004915415574601 
437.93801591042 -0.16035292115635 -0.0049102674033747 -0.16035292115635 -0.0049102674033747 
439.19465297185 -0.16048679110321 -0.0053528474832092 -0.16048679110321 -0.0053528474832092 
440.45129003329 -0.16047074805286 -0.0054412095794305 -0.16047074805286 -0.0054412095794305 
441.70792709472 -0.16053840835002 -0.0049732244216898 -0.16053840835002 -0.0049732244216898 
442.96456415616 -0.16031532647311 -0.0054230653800005 -0.16031532647311 -0.0054230653800005 
444.2212012176 -0.16054835369031 -0.0048391142307764 -0.16054835369031 -0.0048391142307764 
445.47783827903 -0.16033925478957 -0.0047796165114846 -0.16033925478957 -0.0047796165114846 
446.73447534047 -0.16057998053671 -0.0047245360261741 -0.16057998053671 -0.0047245360261741 
447.9911124019 -0.16047183690259 -0.005037869500768 -0.16047183690259 -0.005037869500768 
449.24774946334 -0.16043222271102 -0.0042059533046768 -0.16043222271102 -0.0042059533046768 
450.50438652478 -0.16042676966819 -0.0041515842727335 -0.16042676966819 -0.0041515842727335 
451.76102358621 -0.16044599286564 -0.0046339707739662 -0.16044599286564 -0.0046339707739662 
453.01766064765 -0.16059059483751 -0.0037913139955776 -0.16059059483751 -0.0037913139955776 
454.27429770908 -0.16043458927847 -0.0041512586347494 -0.16043458927847 -0.0041512586347494 
455.53093477052 -0.16051723920373 -0.0048677239067274 -0.16051723920373 -0.0048677239067274 
456.78757183196 -0.16046776600539 -0.0050484703950815 -0.16046776600539 -0.0050484703950815 
458.04420889339 -0.1605443272425 -0.0043939105605659 -0.1605443272425 -0.0043939105605659 
459.30084595483 -0.16042131031246 -0.0042554011964739 -0.16042131031246 -0.0042554011964739 
460.55748301626 -0.16046128746893 -0.0055612844554958 -0.16046128746893 -0.0055612844554958 
461.8141200777 -0.16059146192382 -0.0047616603862934 -0.16059146192382 -0.0047616603862934 
463.07075713914 -0.1605442921529 -0.0051359470216994 -0.1605442921529 -0.0051359470216994 
464.32739420057 -0.16067518681209 -0.0044319731360929 -0.16067518681209 -0.0044319731360929 
465.58403126201 -0.16038754893224 -0.0041959703738712 -0.16038754893224 -0.0041959703738712 
466.84066832344 -0.16046791661681 -0.0050506102202235 -0.16046791661681 -0.0050506102202235 
468.09730538488 -0.16058461628006 -0.0042798285322192 -0.16058461628006 -0.0042798285322192 
469.35394244632 -0.16054874503669 -0.0044340146208697 -0.16054874503669 -0.0044340146208697 
470.61057950775 -0.16049741346861 -0.0040599507750585 -0.16049741346861 -0.0040599507750585 
471.86721656919 -0.16041612618524 -0.0040716200934412 -0.16041612618524 -0.0040716200934412 
473.12385363062 -0.16047210433012 -0.0045751273990504 -0.16047210433012 -0.0045751273990504 
474.38049069206 -0.16044473891512 -0.0044245812700865 -0.16044473891512 -0.0044245812700865 
475.63712775349 -0.16045540387903 -0.0045968652432862 -0.16045540387903 -0.0045968652432862 
476.89376481493 -0.16050968538537 -0.0051177820760131 -0.16050968538537 -0.0051177820760131 
478.15040187637 -0.16055110589286 -0.0051637509696434 -0.16055110589286 -0.0051637509696434 
479.4070389378 -0.16049984973066 -0.0044814439577294 -0.16049984973066 -0.0044814439577294 
480.66367599924 -0.16055449807835 -0.004050192119621 -0.16055449807835 -0.004050192119621 
481.92031306067 -0.1604767988815 -0.0039974435625254 -0.1604767988815 -0.0039974435625254 
483.17695012211 -0.16050391112725 -0.004400877454259 -0.16050391112725 -0.004400877454259 
484.43358718355 -0.16054836316566 -0.0046768045979206 -0.16054836316566 -0.0046768045979206 
485.69022424498 -0.1604651772898 -0.0042485116663329 -0.1604651772898 -0.0042485116663329 
486.94686130642 -0.16060117543884 -0.004716523007346 -0.16060117543884 -0.004716523007346 
488.20349836785 -0.16047188211493 -0.0045860904585311 -0.16047188211493 -0.0045860904585311 
489.46013542929 -0.16053192850021 -0.0048301277705036 -0.16053192850021 -0.0048301277705036 
490.71677249073 -0.16045193195067 -0.0039351553695042 -0.16045193195067 -0.0039351553695042 
491.97340955216 -0.16044658658462 -0.0044711855216519 -0.16044658658462 -0.0044711855216519 
493.2300466136 -0.16054556659847 -0.0044997001061802 -0.16054556659847 -0.0044997001061802 
494.48668367503 -0.16046141891104 -0.0042490616263535 -0.16046141891104 -0.0042490616263535 
495.74332073647 -0.16056997226007 -0.0044169597995847 -0.16056997226007 -0.0044169597995847 
496.99995779791 -0.16062540885364 -0.0037985376966958 -0.16062540885364 -0.0037985376966958 
498.25659485934 -0.16051745373282 -0.0044259003469165 -0.16051745373282 -0.0044259003469165 
499.51323192078 -0.16044865433895 -0.0046546083540875 -0.16044865433895 -0.0046546083540875 
500.76986898221 -0.16058300119764 -0.0041818289894309 -0.16058300119764 -0.0041818289894309 
502.02650604365 -0.16042531539204 -0.0046093627279902 -0.16042531539204 -0.0046093627279902 
503.28314310508 -0.16029127290078 -0.0044584050700109 -0.16029127290078 -0.0044584050700109 
504.53978016652 -0.16040279615541 -0.004753129701669 -0.16040279615541 -0.004753129701669 
505.79641722796 -0.16054350569261 -0.0045843020213283 -0.16054350569261 -0.0045843020213283 
507.05305428939 -0.16040055700794 -0.004640326293611 -0.16040055700794 -0.004640326293611 
508.30969135083 -0.16047492133833 -0.0051477033663332 -0.16047492133833 -0.0051477033663332 
509.56632841226 -0.16054493828461 -0.0044506535084565 -0.16054493828461 -0.0044506535084565 
510.8229654737 -0.16050948472585 -0.0043596644791819 -0.16050948472585 -0.0043596644791819 
512.07960253514 -0.16045337868503 -0.0039514761201644 -0.16045337868503 -0.0039514761201644 
513.33623959657 -0.16050385795838 -0.0041831234597112 -0.16050385795838 -0.0041831234597112 
514.59287665801 -0.16041006602853 -0.0041091077983992 -0.16041006602853 -0.0041091077983992 
515.84951371944 -0.16041169498531 -0.0045334929423007 -0.16041169498531 -0.0045334929423007 
517.10615078088 -0.16046832701672 -0.0048601158231349 -0.16046832701672 -0.0048601158231349 
518.36278784232 -0.16050983717244 -0.0047416836227967 -0.16050983717244 -0.0047416836227967 
519.61942490375 -0.16050440432918 -0.0047355629358208 -0.16050440432918 -0.0047355629358208 
520.87606196519 -0.16047424662531 -0.0045812825820803 -0.16047424662531 -0.0045812825820803 
522.13269902662 -0.16048697612412 -0.0046953206441458 -0.16048697612412 -0.0046953206441458 
523.38933608806 -0.16056416830332 -0.0047993836088835 -0.16056416830332 -0.0047993836088835 
524.6459731495 -0.16038370708094 -0.0047114486411601 -0.16038370708094 -0.0047114486411601 
525.90261021093 -0.16047403796655 -0.0040444280487009 -0.16047403796655 -0.0040444280487009 
527.15924727237 -0.16042790573977 -0.0032865070089656 -0.16042790573977 -0.0032865070089656 
528.4158843338 -0.16056260284879 -0.0042039593961363 -0.16056260284879 -0.0042039593961363 
529.67252139524 -0.16036331310448 -0.0042713105842722 -0.16036331310448 -0.0042713105842722 
530.92915845668 -0.1604057129963 -0.0043298673940626 -0.1604057129963 -0.0043298673940626 
532.18579551811 -0.16036583040182 -0.0039724994810513 -0.16036583040182 -0.0039724994810513 
533.44243257955 -0.1605942614717 -0.0043565132511958 -0.1605942614717 -0.0043565132511958 
534.69906964098 -0.16043652350225 -0.0038858087528979 -0.16043652350225 -0.0038858087528979 
535.95570670242 -0.16047505200091 -0.0038850495965335 -0.16047505200091 -0.0038850495965335 
537.21234376385 -0.16063931019258 -0.0037821320419198 -0.16063931019258 -0.0037821320419198 
538.46898082529 -0.16050726765282 -0.0039823600076261 -0.16050726765282 -0.0039823600076261 
539.72561788673 -0.16051920495327 -0.0041964003490875 -0.16051920495327 -0.0041964003490875 
540.98225494816 -0.16053745954378 -0.0037803377961154 -0.16053745954378 -0.0037803377961154 
542.2388920096 -0.16040211961738 -0.0038648297006603 -0.16040211961738 -0.0038648297006603 
543.49552907103 -0.16043755915234 -0.0040518792991406 -0.16043755915234 -0.0040518792991406 
544.75216613247 -0.16035544156751 -0.0043790208962946 -0.16035544156751 -0.0043790208962946 
546.00880319391 -0.16059500310354 -0.0041177655600677 -0.16059500310354 -0.0041177655600677 
547.26544025534 -0.16036685925894 -0.0035796059058839 -0.16036685925894 -0.0035796059058839 
548.52207731678 -0.16046201962997 -0.004095135831335 -0.16046201962997 -0.004095135831335 
549.77871437821 -0.16038097065329 -0.0045242116071904 -0.16038097065329 -0.0045242116071904 
551.03535143965 -0.16055468201593 -0.0043401435057149 -0.16055468201593 -0.0043401435057149 
552.29198850109 -0.16058472131888 -0.004334980126373 -0.16058472131888 -0.004334980126373 
553.54862556252 -0.16042594947355 -0.0037315529685884 -0.16042594947355 -0.0037315529685884 
554.80526262396 -0.16048704698124 -0.0035541609289567 -0.16048704698124 -0.0035541609289567 
556.06189968539 -0.16042519623245 -0.0038016288019662 -0.16042519623245 -0.0038016288019662 
557.31853674683 -0.16048000918459 -0.0041821704782024 -0.16048000918459 -0.0041821704782024 
558.57517380827 -0.1604111020507 -0.0045170000382768 -0.1604111020507 -0.0045170000382768 
559.8318108697 -0.1605010196352 -0.0040570287321771 -0.1605010196352 -0.0040570287321771 
561.08844793114 -0.16056530777148 -0.00370647892737 -0.16056530777148 -0.00370647892737 
562.34508499257 -0.16055208157759 -0.0036723360435644 -0.16055208157759 -0.0036723360435644 
563.60172205401 -0.16049909765211 -0.0038073457604924 -0.16049909765211 -0.0038073457604924 
564.85835911544 -0.16056427793132 -0.0029259166726661 -0.16056427793132 -0.0029259166726661 
566.11499617688 -0.16043244558887 -0.0035567785574813 -0.16043244558887 -0.0035567785574813 
567.37163323832 -0.16051061538339 -0.0035616922830286 -0.16051061538339 -0.0035616922830286 
568.62827029975 -0.1605138087618 -0.0040134389111017 -0.1605138087618 -0.0040134389111017 
569.88490736119 -0.16049431832615 -0.0042546915547064 -0.16049431832615 -0.0042546915547064 
571.14154442262 -0.16056909594554 -0.0037972680447638 -0.16056909594554 -0.0037972680447638 
572.39818148406 -0.16042145844958 -0.0039069144191899 -0.16042145844958 -0.0039069144191899 
573.6548185455 -0.16049052283754 -0.0037674859574963 -0.16049052283754 -0.0037674859574963 
574.91145560693 -0.160599188142 -0.003244831768825 -0.160599188142 -0.003244831768825 
576.16809266837 -0.16054318482102 -0.0035111536865315 -0.16054318482102 -0.0035111536865315 
577.4247297298 -0.16056083798293 -0.0038669379861176 -0.16056083798293 -0.0038669379861176 
578.68136679124 -0.16044498135962 -0.0035350067390709 -0.16044498135962 -0.0035350067390709 
579.93800385268 -0.16046308497859 -0.0038031318450749 -0.16046308497859 -0.0038031318450749 
581.19464091411 -0.16049806022965 -0.0038002930291441 -0.16049806022965 -0.0038002930291441 
582.45127797555 -0.16049173776839 -0.0042513373549582 -0.16049173776839 -0.0042513373549582 
583.70791503698 -0.16046130091381 -0.0042434491015229 -0.16046130091381 -0.0042434491015229 
584.96455209842 -0.16047818289352 -0.004315844996313 -0.16047818289352 -0.004315844996313 
586.22118915986 -0.16041555358749 -0.0050049110186592 -0.16041555358749 -0.0050049110186592 
587.47782622129 -0.16046875681 -0.0042878485049869 -0.16046875681 -0.0042878485049869 
588.73446328273 -0.16046586009366 -0.0045974257518537 -0.16046586009366 -0.0045974257518537 
589.99110034416 -0.16051670768786 -0.0039583089719599 -0.16051670768786 -0.0039583089719599 
591.2477374056 -0.16046089123392 -0.0033728897235505 -0.16046089123392 -0.0033728897235505 
592.50437446703 -0.16052406396683 -0.0035669321561045 -0.16052406396683 -0.0035669321561045 
593.76101152847 -0.16040879898325 -0.003801373977808 -0.16040879898325 -0.003801373977808 
595.01764858991 -0.16040567804089 -0.0039095937296452 -0.16040567804089 -0.0039095937296452 
596.27428565134 -0.16044503859332 -0.0030820456148604 -0.16044503859332 -0.0030820456148604 
597.53092271278 -0.16040834752386 -0.0031859151099525 -0.16040834752386 -0.0031859151099525 
598.78755977421 -0.1605231407839 -0.0039841005155949 -0.1605231407839 -0.0039841005155949 
600.04419683565 -0.1605574140378 -0.0035535718852771 -0.1605574140378 -0.0035535718852771 
601.30083389709 -0.16033998156048 -0.0042898684152988 -0.16033998156048 -0.0042898684152988 
602.55747095852 -0.16055109394789 -0.0043876182962777 -0.16055109394789 -0.0043876182962777 
603.81410801996 -0.16049372717397 -0.0038319573884564 -0.16049372717397 -0.0038319573884564 
605.07074508139 -0.16037003937518 -0.0033744961098137 -0.16037003937518 -0.0033744961098137 
606.32738214283 -0.16039527479735 -0.0036977176235951 -0.16039527479735 -0.0036977176235951 
607.58401920427 -0.16046531724059 -0.0036609760942383 -0.16046531724059 -0.0036609760942383 
608.8406562657 -0.1603071244707 -0.0038356261756007 -0.1603071244707 -0.0038356261756007 
610.09729332714 -0.16052977248255 -0.003475389301002 -0.16052977248255 -0.003475389301002 
611.35393038857 -0.16052833846983 -0.0033145950529843 -0.16052833846983 -0.0033145950529843 
612.61056745001 -0.1603624599172 -0.0038416902531253 -0.1603624599172 -0.0038416902531253 
613.86720451145 -0.16052667646211 -0.0035002184645236 -0.16052667646211 -0.0035002184645236 
615.12384157288 -0.16047443384768 -0.0038662363742787 -0.16047443384768 -0.0038662363742787 
616.38047863432 -0.16050204777215 -0.0038120576336951 -0.16050204777215 -0.0038120576336951 
617.63711569575 -0.16057320519212 -0.003042794172643 -0.16057320519212 -0.003042794172643 
618.89375275719 -0.16051889744357 -0.0034610883431014 -0.16051889744357 -0.0034610883431014 
620.15038981863 -0.16044693703964 -0.0036137224268487 -0.16044693703964 -0.0036137224268487 
621.40702688006 -0.1604151968124 -0.0030497699458465 -0.1604151968124 -0.0030497699458465 
622.6636639415 -0.16049186363905 -0.0038373420101152 -0.16049186363905 -0.0038373420101152 
623.92030100293 -0.16042177493714 -0.003637218892095 -0.16042177493714 -0.003637218892095 
625.17693806437 -0.1604577269406 -0.0032975087177647 -0.1604577269406 -0.0032975087177647 
626.4335751258 -0.1602909985812 -0.0031045641496803 -0.1602909985812 -0.0031045641496803 
627.69021218724 -0.16053455200971 -0.0030037313207458 -0.16053455200971 -0.0030037313207458 
628.94684924868 -0.16038539746211 -0.0030814038360631 -0.16038539746211 -0.0030814038360631 
630.20348631011 -0.16041300380073 -0.0030502301435718 -0.16041300380073 -0.0030502301435718 
631.46012337155 -0.16044405225558 -0.003577833151553 -0.16044405225558 -0.003577833151553 
632.71676043298 -0.16060277789878 -0.0034763695061883 -0.16060277789878 -0.0034763695061883 
633.97339749442 -0.16053041025536 -0.0034055712812915 -0.16053041025536 -0.0034055712812915 
635.23003455586 -0.16052837758924 -0.0031801660070414 -0.16052837758924 -0.0031801660070414 
636.48667161729 -0.16050598120866 -0.003655020489532 -0.16050598120866 -0.003655020489532 
637.74330867873 -0.16046581971697 -0.0037971192481336 -0.16046581971697 -0.0037971192481336 
638.99994574016 -0.16048074131734 -0.0039301402400724 -0.16048074131734 -0.0039301402400724 
640.2565828016 -0.16051080821984 -0.0037101344684061 -0.16051080821984 -0.0037101344684061 
641.51321986304 -0.16054512494709 -0.0038469556154723 -0.16054512494709 -0.0038469556154723 
642.76985692447 -0.16047481222096 -0.00388395971504 -0.16047481222096 -0.00388395971504 
644.02649398591 -0.16039249929828 -0.0038906190610533 -0.16039249929828 -0.0038906190610533 
645.28313104734 -0.16043740073505 -0.0037866115742418 -0.16043740073505 -0.0037866115742418 
646.53976810878 -0.16059029867086 -0.0030037229033724 -0.16059029867086 -0.0030037229033724 
647.79640517022 -0.16046312985745 -0.0027364258812668 -0.16046312985745 -0.0027364258812668 
649.05304223165 -0.16043174838233 -0.0030512501308522 -0.16043174838233 -0.0030512501308522 
650.30967929309 -0.16055982211823 -0.0028005515526957 -0.16055982211823 -0.0028005515526957 
651.56631635452 -0.16040993960943 -0.0033155491782964 -0.16040993960943 -0.0033155491782964 
652.82295341596 -0.16053183927196 -0.003467685071314 -0.16053183927196 -0.003467685071314 
654.07959047739 -0.16044339942861 -0.0030290219336848 -0.16044339942861 -0.0030290219336848 
655.33622753883 -0.16040660888529 -0.0029298790435632 -0.16040660888529 -0.0029298790435632 
656.59286460027 -0.16045172087422 -0.0035307707385073 -0.16045172087422 -0.0035307707385073 
657.8495016617 -0.16042477968477 -0.0029790488431445 -0.16042477968477 -0.0029790488431445 
659.10613872314 -0.16037281953259 -0.0027542695596594 -0.16037281953259 -0.0027542695596594 
660.36277578457 -0.16037142772872 -0.0034228330131327 -0.16037142772872 -0.0034228330131327 
661.61941284601 -0.16042689198874 -0.0027019339737535 -0.16042689198874 -0.0027019339737535 
662.87604990745 -0.16041081580944 -0.0031626584296873 -0.16041081580944 -0.0031626584296873 
664.13268696888 -0.16032972733019 -0.0033774835284248 -0.16032972733019 -0.0033774835284248 
665.38932403032 -0.16034282535942 -0.0033675532835105 -0.16034282535942 -0.0033675532835105 
666.64596109175 -0.16056940717452 -0.003363802247577 -0.16056940717452 -0.003363802247577 
667.90259815319 -0.16045655091595 -0.0025820028840826 -0.16045655091595 -0.0025820028840826 
669.15923521463 -0.16050590564775 -0.0031140302365884 -0.16050590564775 -0.0031140302365884 
670.41587227606 -0.16036154656542 -0.0034096858620387 -0.16036154656542 -0.0034096858620387 
671.6725093375 -0.16048498134971 -0.0042343747177256 -0.16048498134971 -0.0042343747177256 
672.92914639893 -0.16046313974684 -0.0028322193420536 -0.16046313974684 -0.0028322193420536 
674.18578346037 -0.16048435287329 -0.0027771910632737 -0.16048435287329 -0.0027771910632737 
675.44242052181 -0.16052097607792 -0.002965687775486 -0.16052097607792 -0.002965687775486 
676.69905758324 -0.16044543217499 -0.0029895972378426 -0.16044543217499 -0.0029895972378426 
677.95569464468 -0.16045104816169 -0.0021049529167385 -0.16045104816169 -0.0021049529167385 
679.21233170611 -0.16053514530584 -0.0023149478444111 -0.16053514530584 -0.0023149478444111 
680.46896876755 -0.16045974690583 -0.0030157662512238 -0.16045974690583 -0.0030157662512238 
681.72560582899 -0.16047168425421 -0.0027525679562359 -0.16047168425421 -0.0027525679562359 
682.98224289042 -0.16043762314259 -0.0031135520416683 -0.16043762314259 -0.0031135520416683 
684.23887995186 -0.16050728264273 -0.00268806862357 -0.16050728264273 -0.00268806862357 
685.49551701329 -0.16051141227094 -0.0028259907415986 -0.16051141227094 -0.0028259907415986 
686.75215407473 -0.16049416789341 -0.0030724890468719 -0.16049416789341 -0.0030724890468719 
688.00879113616 -0.16052840482958 -0.0037262576204284 -0.16052840482958 -0.0037262576204284 
689.2654281976 -0.16060088156965 -0.0027723136300892 -0.16060088156965 -0.0027723136300892 
690.52206525904 -0.1605080706297 -0.0029178458848946 -0.1605080706297 -0.0029178458848946 
691.77870232047 -0.16046676481455 -0.0033340228505949 -0.16046676481455 -0.0033340228505949 
693.03533938191 -0.1605824885582 -0.0026670515404703 -0.1605824885582 -0.0026670515404703 
694.29197644334 -0.16036363002318 -0.0030722879560017 -0.16036363002318 -0.0030722879560017 
695.54861350478 -0.16054952937507 -0.0034555208056872 -0.16054952937507 -0.0034555208056872 
696.80525056622 -0.16043678342639 -0.0030710523717516 -0.16043678342639 -0.0030710523717516 
698.06188762765 -0.16042266573346 -0.0029528115210269 -0.16042266573346 -0.0029528115210269 
699.31852468909 -0.1604505890626 -0.0034509746753884 -0.1604505890626 -0.0034509746753884 
700.57516175052 -0.1605595749923 -0.0037906735971092 -0.1605595749923 -0.0037906735971092 
701.83179881196 -0.1604319149258 -0.0032204843436148 -0.1604319149258 -0.0032204843436148 
703.0884358734 -0.16038646774845 -0.0034028767223617 -0.16038646774845 -0.0034028767223617 
704.34507293483 -0.16060431036369 -0.0032196491624745 -0.16060431036369 -0.0032196491624745 
705.60170999627 -0.16047124950807 -0.0027202851332504 -0.16047124950807 -0.0027202851332504 
706.8583470577 -0.16037024108268 -0.0035710843342258 -0.16037024108268 -0.0035710843342258 
708.11498411914 -0.16046239896919 -0.002941292799278 -0.16046239896919 -0.002941292799278 
709.37162118058 -0.16047295287106 -0.0027786530531557 -0.16047295287106 -0.0027786530531557 
710.62825824201 -0.16046452932711 -0.0030945308626542 -0.16046452932711 -0.0030945308626542 
711.88489530345 -0.1604311052612 -0.0031475350132268 -0.1604311052612 -0.0031475350132268 
713.14153236488 -0.16045879292913 -0.0035790089975762 -0.16045879292913 -0.0035790089975762 
714.39816942632 -0.16029896827467 -0.0032405577666168 -0.16029896827467 -0.0032405577666168 
715.65480648775 -0.16043911256873 -0.0036889440722234 -0.16043911256873 -0.0036889440722234 
716.91144354919 -0.16041288499113 -0.0029392004482816 -0.16041288499113 -0.0029392004482816 
718.16808061063 -0.16037970011493 -0.0026815642258953 -0.16037970011493 -0.0026815642258953 
719.42471767206 -0.1605611393083 -0.0032000908080363 -0.1605611393083 -0.0032000908080363 
720.6813547335 -0.16058294302786 -0.002672846720202 -0.16058294302786 -0.002672846720202 
721.93799179493 -0.16052216986869 -0.0027640695690252 -0.16052216986869 -0.0027640695690252 
723.19462885637 -0.16053521091328 -0.0023167000815647 -0.16053521091328 -0.0023167000815647 
724.45126591781 -0.16055506765786 -0.0034234351886653 -0.16055506765786 -0.0034234351886653 
725.70790297924 -0.16047019285465 -0.0035620802308358 -0.16047019285465 -0.0035620802308358 
726.96454004068 -0.16052007093262 -0.0032529889925854 -0.16052007093262 -0.0032529889925854 
728.22117710211 -0.16052821114152 -0.0031695309471615 -0.16052821114152 -0.0031695309471615 
729.47781416355 -0.16034768237608 -0.0033848579192863 -0.16034768237608 -0.0033848579192863 
730.73445122499 -0.16043891819304 -0.0029711031638726 -0.16043891819304 -0.0029711031638726 
731.99108828642 -0.16049891846073 -0.0027070124799593 -0.16049891846073 -0.0027070124799593 
733.24772534786 -0.16040782657007 -0.0028063420382978 -0.16040782657007 -0.0028063420382978 
734.50436240929 -0.16040074062683 -0.0029831416476327 -0.16040074062683 -0.0029831416476327 
735.76099947073 -0.1605170967044 -0.0030279393450883 -0.1605170967044 -0.0030279393450883 
737.01763653217 -0.16048090567198 -0.0032136105986638 -0.16048090567198 -0.0032136105986638 
738.2742735936 -0.1603885024627 -0.0030263030462265 -0.1603885024627 -0.0030263030462265 
739.53091065504 -0.16049559131898 -0.0035884903913939 -0.16049559131898 -0.0035884903913939 
740.78754771647 -0.1604417222795 -0.002695771792105 -0.1604417222795 -0.002695771792105 
742.04418477791 -0.16039224392741 -0.003130376139552 -0.16039224392741 -0.003130376139552 
743.30082183935 -0.16051622358192 -0.0030984136111556 -0.16051622358192 -0.0030984136111556 
744.55745890078 -0.16037476956885 -0.0032104135934787 -0.16037476956885 -0.0032104135934787 
745.81409596222 -0.16056447751419 -0.0035417478358113 -0.16056447751419 -0.0035417478358113 
747.07073302365 -0.16051864735032 -0.0029700999193665 -0.16051864735032 -0.0029700999193665 
748.32737008509 -0.16032980653932 -0.0032256800490131 -0.16032980653932 -0.0032256800490131 
749.58400714652 -0.16023582265551 -0.0032354512372876 -0.16023582265551 -0.0032354512372876 
750.84064420796 -0.16032942096777 -0.0030232499352678 -0.16032942096777 -0.0030232499352678 
752.0972812694 -0.16033248574992 -0.0027627638636432 -0.16033248574992 -0.0027627638636432 
753.35391833083 -0.16036328831472 -0.002869229564908 -0.16036328831472 -0.002869229564908 
754.61055539227 -0.16039248469318 -0.0027569722270755 -0.16039248469318 -0.0027569722270755 
755.8671924537 -0.16041082817406 -0.002976835989557 -0.16041082817406 -0.002976835989557 
757.12382951514 -0.16043879493437 -0.0024689040068324 -0.16043879493437 -0.0024689040068324 
758.38046657658 -0.16051597830809 -0.0025907608094258 -0.16051597830809 -0.0025907608094258 
759.63710363801 -0.16042710156425 -0.0017919074867905 -0.16042710156425 -0.0017919074867905 
760.89374069945 -0.16058772986039 -0.0024283855774456 -0.16058772986039 -0.0024283855774456 
762.15037776088 -0.16042289944869 -0.0025406797325331 -0.16042289944869 -0.0025406797325331 
763.40701482232 -0.16039374159772 -0.0018679947104374 -0.16039374159772 -0.0018679947104374 
764.66365188376 -0.16047062080696 -0.0025204109060724 -0.16047062080696 -0.0025204109060724 
765.92028894519 -0.16041393841135 -0.0024800432129268 -0.16041393841135 -0.0024800432129268 
767.17692600663 -0.1606410173243 -0.0029421469474755 -0.1606410173243 -0.0029421469474755 
768.43356306806 -0.16048938594686 -0.0020506529153863 -0.16048938594686 -0.0020506529153863 
769.6902001295 -0.16053204235865 -0.0024884684700055 -0.16053204235865 -0.0024884684700055 
770.94683719094 -0.1605745029569 -0.0022123818371256 -0.1605745029569 -0.0022123818371256 
772.20347425237 -0.16052075438552 -0.0021319963096857 -0.16052075438552 -0.0021319963096857 
773.46011131381 -0.16048552092884 -0.0023784049068354 -0.16048552092884 -0.0023784049068354 
774.71674837524 -0.16057980978633 -0.0020881894084823 -0.16057980978633 -0.0020881894084823 
775.97338543668 -0.16058960706765 -0.0026562905609353 -0.16058960706765 -0.0026562905609353 
777.23002249811 -0.16045755622487 -0.0025074288197402 -0.16045755622487 -0.0025074288197402 
778.48665955955 -0.16036261893236 -0.0024547360380893 -0.16036261893236 -0.0024547360380893 
779.74329662099 -0.16038006079206 -0.0030551228551303 -0.16038006079206 -0.0030551228551303 
780.99993368242 -0.16054292828742 -0.0027988672824222 -0.16054292828742 -0.0027988672824222 
782.25657074386 -0.16038703988153 -0.0029031134961315 -0.16038703988153 -0.0029031134961315 
783.51320780529 -0.16051806506593 -0.0033683978732597 -0.16051806506593 -0.0033683978732597 
784.76984486673 -0.16044027408428 -0.0023565209875187 -0.16044027408428 -0.0023565209875187 
786.02648192817 -0.16049587246682 -0.0025887737702988 -0.16049587246682 -0.0025887737702988 
787.2831189896 -0.16061219669336 -0.0023571697383886 -0.16061219669336 -0.0023571697383886 
788.53975605104 -0.16036191504725 -0.0026113608530522 -0.16036191504725 -0.0026113608530522 
789.79639311247 -0.1604859337959 -0.0030160358257945 -0.1604859337959 -0.0030160358257945 
791.05303017391 -0.16056190029694 -0.002328336975097 -0.16056190029694 -0.002328336975097 
792.30966723535 -0.16056869783229 -0.0023633307354203 -0.16056869783229 -0.0023633307354203 
793.56630429678 -0.16039995281456 -0.0019722102221067 -0.16039995281456 -0.0019722102221067 
794.82294135822 -0.16041763877619 -0.0018585768126513 -0.16041763877619 -0.0018585768126513 
796.07957841965 -0.16041959104637 -0.0021099465579937 -0.16041959104637 -0.0021099465579937 
797.33621548109 -0.16051021634578 -0.0028550044987696 -0.16051021634578 -0.0028550044987696 
798.59285254253 -0.16069091426759 -0.0020346088450651 -0.16069091426759 -0.0020346088450651 
799.84948960396 -0.16042947584254 -0.0027001884382116 -0.16042947584254 -0.0027001884382116 
801.1061266654 -0.16045290226884 -0.0021043646295311 -0.16045290226884 -0.0021043646295311 
802.36276372683 -0.16053599675563 -0.0025144885839836 -0.16053599675563 -0.0025144885839836 
803.61940078827 -0.16048838269911 -0.0030244999884417 -0.16048838269911 -0.0030244999884417 
804.8760378497 -0.16041765457338 -0.0027648236604136 -0.16041765457338 -0.0027648236604136 
806.13267491114 -0.1606523969763 -0.0028572493404226 -0.1606523969763 -0.0028572493404226 
807.38931197258 -0.16055098278779 -0.0026032732799877 -0.16055098278779 -0.0026032732799877 
808.64594903401 -0.16056274575449 -0.0022559978077652 -0.16056274575449 -0.0022559978077652 
809.90258609545 -0.16043084935849 -0.0024058008543761 -0.16043084935849 -0.0024058008543761 
811.15922315688 -0.16050205694018 -0.0029943356244075 -0.16050205694018 -0.0029943356244075 
812.41586021832 -0.16056466442157 -0.0026337651793256 -0.16056466442157 -0.0026337651793256 
813.67249727976 -0.16053172993429 -0.0028433496806883 -0.16053172993429 -0.0028433496806883 
814.92913434119 -0.16049184309685 -0.002570645129822 -0.16049184309685 -0.002570645129822 
816.18577140263 -0.16051925275258 -0.0026272108601688 -0.16051925275258 -0.0026272108601688 
817.44240846406 -0.16050044152414 -0.0024805858350874 -0.16050044152414 -0.0024805858350874 
818.6990455255 -0.16055590953407 -0.002253837854937 -0.16055590953407 -0.002253837854937 
819.95568258694 -0.16044801950171 -0.00303464376384 -0.16044801950171 -0.00303464376384 
821.21231964837 -0.16048370033192 -0.0032721412507044 -0.16048370033192 -0.0032721412507044 
822.46895670981 -0.16054927724355 -0.0028982289964006 -0.16054927724355 -0.0028982289964006 
823.72559377124 -0.16057926247332 -0.0029104969621585 -0.16057926247332 -0.0029104969621585 
824.98223083268 -0.16064779634505 -0.0027068859048995 -0.16064779634505 -0.0027068859048995 
826.23886789412 -0.16059986294002 -0.0030854505090474 -0.16059986294002 -0.0030854505090474 
827.49550495555 -0.16051065897874 -0.0023484671543201 -0.16051065897874 -0.0023484671543201 
828.75214201699 -0.16045783714537 -0.0030153669094943 -0.16045783714537 -0.0030153669094943 
830.00877907842 -0.16038144964724 -0.0032030501739655 -0.16038144964724 -0.0032030501739655 
831.26541613986 -0.16043506821082 -0.003048450716733 -0.16043506821082 -0.003048450716733 
832.5220532013 -0.16047112381894 -0.0031642639959273 -0.16047112381894 -0.0031642639959273 
833.77869026273 -0.16040911204808 -0.0037367657192817 -0.16040911204808 -0.0037367657192817 
835.03532732417 -0.16047722472248 -0.0032881864999581 -0.16047722472248 -0.0032881864999581 
836.2919643856 -0.1605661684245 -0.0024715366387227 -0.1605661684245 -0.0024715366387227 
837.54860144704 -0.16049569255497 -0.0025095783518054 -0.16049569255497 -0.0025095783518054 
838.80523850847 -0.16052920590518 -0.0027102042562319 -0.16052920590518 -0.0027102042562319 
840.06187556991 -0.16049975775627 -0.0018246460120963 -0.16049975775627 -0.0018246460120963 
841.31851263135 -0.16045839803448 -0.002556041524258 -0.16045839803448 -0.002556041524258 
842.57514969278 -0.16044340320042 -0.0027594196561722 -0.16044340320042 -0.0027594196561722 
843.83178675422 -0.16055820379404 -0.0030415518779137 -0.16055820379404 -0.0030415518779137 
845.08842381565 -0.16051283110903 -0.0025731023735034 -0.16051283110903 -0.0025731023735034 
846.34506087709 -0.16050871510686 -0.0029020942874922 -0.16050871510686 -0.0029020942874922 
847.60169793853 -0.16056131721001 -0.0031935117686999 -0.16056131721001 -0.0031935117686999 
848.85833499996 -0.16041896924819 -0.0031875751380994 -0.16041896924819 -0.0031875751380994 
850.1149720614 -0.16052698810764 -0.0028394673882985 -0.16052698810764 -0.0028394673882985 
851.37160912283 -0.16036810151482 -0.0028458320925893 -0.16036810151482 -0.0028458320925893 
852.62824618427 -0.16043823590619 -0.0024696555258288 -0.16043823590619 -0.0024696555258288 
853.88488324571 -0.16044271062307 -0.0029163108474677 -0.16044271062307 -0.0029163108474677 
855.14152030714 -0.16050037089076 -0.0024473866802737 -0.16050037089076 -0.0024473866802737 
856.39815736858 -0.16036410030111 -0.0027620331679827 -0.16036410030111 -0.0027620331679827 
857.65479443001 -0.16054440153121 -0.0021914184542311 -0.16054440153121 -0.0021914184542311 
858.91143149145 -0.16041796589053 -0.0019841149379545 -0.16041796589053 -0.0019841149379545 
860.16806855289 -0.16044967397106 -0.0021215619574377 -0.16044967397106 -0.0021215619574377 
861.42470561432 -0.16044092270583 -0.0023143154430727 -0.16044092270583 -0.0023143154430727 
862.68134267576 -0.16040346854455 -0.0019910766877729 -0.16040346854455 -0.0019910766877729 
863.93797973719 -0.16039429772922 -0.0024057275225005 -0.16039429772922 -0.0024057275225005 
865.19461679863 -0.16047365160472 -0.0022906658127795 -0.16047365160472 -0.0022906658127795 
866.45125386006 -0.1605856845791 -0.0023992959304451 -0.1605856845791 -0.0023992959304451 
867.7078909215 -0.16047622051458 -0.0024090122584539 -0.16047622051458 -0.0024090122584539 
868.96452798294 -0.160573914427 -0.0018583133423817 -0.160573914427 -0.0018583133423817 
870.22116504437 -0.16057579752856 -0.002504902585315 -0.16057579752856 -0.002504902585315 
871.47780210581 -0.16061087150189 -0.0027177790225323 -0.16061087150189 -0.0027177790225323 
872.73443916724 -0.16043817589525 -0.0026754709167562 -0.16043817589525 -0.0026754709167562 
873.99107622868 -0.16048180720247 -0.002830329953099 -0.16048180720247 -0.002830329953099 
875.24771329012 -0.16047133369067 -0.0029058072915404 -0.16047133369067 -0.0029058072915404 
876.50435035155 -0.16046730460348 -0.00323250624092 -0.16046730460348 -0.00323250624092 
877.76098741299 -0.16061802794148 -0.0033230775227366 -0.16061802794148 -0.0033230775227366 
879.01762447442 -0.1606280894744 -0.0027694832019733 -0.1606280894744 -0.0027694832019733 
880.27426153586 -0.16052349618995 -0.0021422744232495 -0.16052349618995 -0.0021422744232495 
881.5308985973 -0.16048271741334 -0.0018570812771941 -0.16048271741334 -0.0018570812771941 
882.78753565873 -0.16043294881549 -0.0022646450042885 -0.16043294881549 -0.0022646450042885 
884.04417272017 -0.16049826022479 -0.0020398777622859 -0.16049826022479 -0.0020398777622859 
885.3008097816 -0.16048617588153 -0.0021113321710118 -0.16048617588153 -0.0021113321710118 
886.55744684304 -0.1604191104704 -0.0020306103854182 -0.1604191104704 -0.0020306103854182 
887.81408390448 -0.16045937347197 -0.0024122187385274 -0.16045937347197 -0.0024122187385274 
889.07072096591 -0.16059916882909 -0.0024260945526748 -0.16059916882909 -0.0024260945526748 
890.32735802735 -0.16051195298684 -0.0022834371117142 -0.16051195298684 -0.0022834371117142 
891.58399508878 -0.16039032502008 -0.0028459343628811 -0.16039032502008 -0.0028459343628811 
892.84063215022 -0.16051934455729 -0.0026635795169341 -0.16051934455729 -0.0026635795169341 
894.09726921166 -0.16061315135648 -0.0028677448574399 -0.16061315135648 -0.0028677448574399 
895.35390627309 -0.16050303652015 -0.0022613896644543 -0.16050303652015 -0.0022613896644543 
896.61054333453 -0.16037146785109 -0.0024471516975382 -0.16037146785109 -0.0024471516975382 
897.86718039596 -0.16046184787653 -0.0024072248035054 -0.16046184787653 -0.0024072248035054 
899.1238174574 -0.16046824801645 -0.0023357235897947 -0.16046824801645 -0.0023357235897947 
900.38045451883 -0.16037308899777 -0.0026102774492074 -0.16037308899777 -0.0026102774492074 
901.63709158027 -0.1604764363863 -0.0019202749356282 -0.1604764363863 -0.0019202749356282 
902.89372864171 -0.16048208610782 -0.001971191814846 -0.16048208610782 -0.001971191814846 
904.15036570314 -0.16042711624209 -0.0023771492783453 -0.16042711624209 -0.0023771492783453 
905.40700276458 -0.16051029689489 -0.0033664609269408 -0.16051029689489 -0.0033664609269408 
906.66363982601 -0.16068516623041 -0.0026348093426805 -0.16068516623041 -0.0026348093426805 
907.92027688745 -0.16042668975967 -0.0023074246129227 -0.16042668975967 -0.0023074246129227 
909.17691394889 -0.16056450494086 -0.0021704046552031 -0.16056450494086 -0.0021704046552031 
910.43355101032 -0.16033657096234 -0.0025783243895603 -0.16033657096234 -0.0025783243895603 
911.69018807176 -0.16044140522519 -0.0024627351497202 -0.16044140522519 -0.0024627351497202 
912.94682513319 -0.16041950130586 -0.0025718928089873 -0.16041950130586 -0.0025718928089873 
914.20346219463 -0.16046442020661 -0.0023019378467097 -0.16046442020661 -0.0023019378467097 
915.46009925607 -0.16043940105459 -0.0025085420091955 -0.16043940105459 -0.0025085420091955 
916.7167363175 -0.16049250917704 -0.0020907647184458 -0.16049250917704 -0.0020907647184458 
917.97337337894 -0.16034776578697 -0.0017027941387369 -0.16034776578697 -0.0017027941387369 
919.23001044037 -0.16053348500067 -0.0022363909230307 -0.16053348500067 -0.0022363909230307 
920.48664750181 -0.16048801478937 -0.00245657535595 -0.16048801478937 -0.00245657535595 
921.74328456325 -0.16042617525792 -0.0024611328976789 -0.16042617525792 -0.0024611328976789 
922.99992162468 -0.16055990996763 -0.0021717342724514 -0.16055990996763 -0.0021717342724514 
924.25655868612 -0.16053925996581 -0.0020774905153758 -0.16053925996581 -0.0020774905153758 
925.51319574755 -0.16057818853168 -0.0023387782870259 -0.16057818853168 -0.0023387782870259 
926.76983280899 -0.16053266774136 -0.0020972325587536 -0.16053266774136 -0.0020972325587536 
928.02646987042 -0.16057575812613 -0.0021135028277968 -0.16057575812613 -0.0021135028277968 
929.28310693186 -0.16059761539954 -0.0020750474235456 -0.16059761539954 -0.0020750474235456 
930.5397439933 -0.1605584186528 -0.0012190344665441 -0.1605584186528 -0.0012190344665441 
931.79638105473 -0.16045573183925 -0.0026441773006809 -0.16045573183925 -0.0026441773006809 
933.05301811617 -0.16039106570907 -0.0021857353889345 -0.16039106570907 -0.0021857353889345 
934.3096551776 -0.16046748464416 -0.0026983781308445 -0.16046748464416 -0.0026983781308445 
935.56629223904 -0.16050544414559 -0.0020362013900694 -0.16050544414559 -0.0020362013900694 
936.82292930048 -0.16062173416622 -0.0017401832359383 -0.16062173416622 -0.0017401832359383 
938.07956636191 -0.16046325071361 -0.0020607588085113 -0.16046325071361 -0.0020607588085113 
939.33620342335 -0.16045258597613 -0.0019665849773673 -0.16045258597613 -0.0019665849773673 
940.59284048478 -0.16040961291671 -0.0020036509596366 -0.16040961291671 -0.0020036509596366 
941.84947754622 -0.16050417955809 -0.0024739844346868 -0.16050417955809 -0.0024739844346868 
943.10611460766 -0.16045862411993 -0.00292072849129 -0.16045862411993 -0.00292072849129 
944.36275166909 -0.16057531868669 -0.0026705692512223 -0.16057531868669 -0.0026705692512223 
945.61938873053 -0.16045520639835 -0.0023811003883338 -0.16045520639835 -0.0023811003883338 
946.87602579196 -0.16056005420768 -0.0018760768348329 -0.16056005420768 -0.0018760768348329 
948.1326628534 -0.16051560608437 -0.0024231752547621 -0.16051560608437 -0.0024231752547621 
949.38929991484 -0.16040394524502 -0.002208207674812 -0.16040394524502 -0.002208207674812 
950.64593697627 -0.16047057515432 -0.0022439075615921 -0.16047057515432 -0.0022439075615921 
951.90257403771 -0.1605968431377 -0.0012248867417384 -0.1605968431377 -0.0012248867417384 
953.15921109914 -0.16045831900867 -0.001808804811958 -0.16045831900867 -0.001808804811958 
954.41584816058 -0.16045575602079 -0.0022111583424476 -0.16045575602079 -0.0022111583424476 
955.67248522202 -0.16050830496616 -0.0021071149935779 -0.16050830496616 -0.0021071149935779 
956.92912228345 -0.16053438372757 -0.002362793642078 -0.16053438372757 -0.002362793642078 
958.18575934489 -0.16041664669089 -0.002745851009422 -0.16041664669089 -0.002745851009422 
959.44239640632 -0.16039922755102 -0.0023665070757488 -0.16039922755102 -0.0023665070757488 
960.69903346776 -0.16049452697073 -0.0019920178378925 -0.16049452697073 -0.0019920178378925 
961.95567052919 -0.16042251084295 -0.0024710975608286 -0.16042251084295 -0.0024710975608286 
963.21230759063 -0.1603874573797 -0.0014634995550296 -0.1603874573797 -0.0014634995550296 
964.46894465207 -0.16036084824219 -0.0024726031678028 -0.16036084824219 -0.0024726031678028 
965.7255817135 -0.16058335390437 -0.0016064300596099 -0.16058335390437 -0.0016064300596099 
966.98221877494 -0.16048418834791 -0.0020322744398982 -0.16048418834791 -0.0020322744398982 
968.23885583637 -0.16042700181043 -0.0027300981953431 -0.16042700181043 -0.0027300981953431 
969.49549289781 -0.16053035148651 -0.0028831581086024 -0.16053035148651 -0.0028831581086024 
970.75212995925 -0.16037737431857 -0.0027471441751459 -0.16037737431857 -0.0027471441751459 
972.00876702068 -0.16052314472729 -0.0027036083629355 -0.16052314472729 -0.0027036083629355 
973.26540408212 -0.16055554286689 -0.0027736931552909 -0.16055554286689 -0.0027736931552909 
974.52204114355 -0.1603958787159 -0.0024154221972594 -0.1603958787159 -0.0024154221972594 
975.77867820499 -0.16045249742607 -0.0023734373702382 -0.16045249742607 -0.0023734373702382 
977.03531526643 -0.16049556003457 -0.0023960470581414 -0.16049556003457 -0.0023960470581414 
978.29195232786 -0.16048596188855 -0.0026000962302533 -0.16048596188855 -0.0026000962302533 
979.5485893893 -0.16048685100334 -0.0023126172142156 -0.16048685100334 -0.0023126172142156 
980.80522645073 -0.16068492654051 -0.0023922079078602 -0.16068492654051 -0.0023922079078602 
982.06186351217 -0.1605072578518 -0.0026703419309797 -0.1605072578518 -0.0026703419309797 
983.31850057361 -0.16048552862698 -0.0022371932647047 -0.16048552862698 -0.0022371932647047 
984.57513763504 -0.16058570480578 -0.001874826811104 -0.16058570480578 -0.001874826811104 
985.83177469648 -0.16046984621411 -0.0022709771481004 -0.16046984621411 -0.0022709771481004 
987.08841175791 -0.16042910992485 -0.0019759917827287 -0.16042910992485 -0.0019759917827287 
988.34504881935 -0.16047109814802 -0.0020595715906211 -0.16047109814802 -0.0020595715906211 
989.60168588078 -0.16046547246199 -0.0021156087374266 -0.16046547246199 -0.0021156087374266 
990.85832294222 -0.16048314491523 -0.0020492562335903 -0.16048314491523 -0.0020492562335903 
992.11496000366 -0.16054465496055 -0.0018957510345672 -0.16054465496055 -0.0018957510345672 
993.37159706509 -0.16035324898878 -0.0018160914250984 -0.16035324898878 -0.0018160914250984 
994.62823412653 -0.16047867535506 -0.0026061850211363 -0.16047867535506 -0.0026061850211363 
995.88487118796 -0.16049517894365 -0.0022277973384917 -0.16049517894365 -0.0022277973384917 
997.1415082494 -0.16044757834782 -0.0024652894527435 -0.16044757834782 -0.0024652894527435 
998.39814531084 -0.16040254430157 -0.0023731145652164 -0.16040254430157 -0.0023731145652164 
999.65478237227 -0.1603801775784 -0.0023156748121664 -0.1603801775784 -0.0023156748121664 
1000.9114194337 -0.16046630832154 -0.0026021891266055 -0.16046630832154 -0.0026021891266055 
1002.1680564951 -0.16036217613363 -0.0020759631812552 -0.16036217613363 -0.0020759631812552 
1003.4246935566 -0.16051949674117 -0.0024758665648505 -0.16051949674117 -0.0024758665648505 
1004.681330618 -0.16037550326394 -0.0016990798922052 -0.16037550326394 -0.0016990798922052 
1005.9379676795 -0.16058702308844 -0.0016054279803939 -0.16058702308844 -0.0016054279803939 
1007.1946047409 -0.16049380355794 -0.001442690297381 -0.16049380355794 -0.001442690297381 
1008.4512418023 -0.16056178816476 -0.001359723318501 -0.16056178816476 -0.001359723318501 
1009.7078788638 -0.16054245644488 -0.0025224427788544 -0.16054245644488 -0.0025224427788544 
1010.9645159252 -0.1605446999654 -0.0025718013166625 -0.1605446999654 -0.0025718013166625 
1012.2211529866 -0.1604279597864 -0.0035005163639426 -0.1604279597864 -0.0035005163639426 
1013.4777900481 -0.16042298306208 -0.0026657305762683 -0.16042298306208 -0.0026657305762683 
1014.7344271095 -0.16038405436508 -0.0028514985082211 -0.16038405436508 -0.0028514985082211 
1015.9910641709 -0.16047498771067 -0.0029337177113575 -0.16047498771067 -0.0029337177113575 
1017.2477012324 -0.16043893919544 -0.0020164982765891 -0.16043893919544 -0.0020164982765891 
1018.5043382938 -0.16034740820456 -0.0024342111449869 -0.16034740820456 -0.0024342111449869 
1019.7609753552 -0.16041157700461 -0.0021460724598228 -0.16041157700461 -0.0021460724598228 
1021.0176124167 -0.16055480731308 -0.0024281860922883 -0.16055480731308 -0.0024281860922883 
1022.2742494781 -0.16037580674187 -0.0023121936230837 -0.16037580674187 -0.0023121936230837 
1023.5308865396 -0.16046534503705 -0.0021185945641946 -0.16046534503705 -0.0021185945641946 
1024.787523601 -0.16047258119707 -0.0016443456377147 -0.16047258119707 -0.0016443456377147 
1026.0441606624 -0.16042934564062 -0.0020560413868225 -0.16042934564062 -0.0020560413868225 
1027.3007977239 -0.16050038649699 -0.0024413267794898 -0.16050038649699 -0.0024413267794898 
1028.5574347853 -0.16042273683717 -0.0021686274599233 -0.16042273683717 -0.0021686274599233 
1029.8140718467 -0.16036106577497 -0.0025467921859672 -0.16036106577497 -0.0025467921859672 
1031.0707089082 -0.1605554756576 -0.0027360347976355 -0.1605554756576 -0.0027360347976355 
1032.3273459696 -0.16033733950291 -0.0022688859030495 -0.16033733950291 -0.0022688859030495 
1033.583983031 -0.16058145782174 -0.0026395093605061 -0.16058145782174 -0.0026395093605061 
1034.8406200925 -0.1604075551251 -0.0017484550057816 -0.1604075551251 -0.0017484550057816 
1036.0972571539 -0.16048320011216 -0.0016017029743125 -0.16048320011216 -0.0016017029743125 
1037.3538942153 -0.16051949820937 -0.001957584727279 -0.16051949820937 -0.001957584727279 
1038.6105312768 -0.16047249859454 -0.0024264170222068 -0.16047249859454 -0.0024264170222068 
1039.8671683382 -0.16049826512463 -0.0018998690190983 -0.16049826512463 -0.0018998690190983 
1041.1238053997 -0.16055788904605 -0.0014055561173336 -0.16055788904605 -0.0014055561173336 
1042.3804424611 -0.16041233598287 -0.0014391206073014 -0.16041233598287 -0.0014391206073014 
1043.6370795225 -0.16055430009724 -0.0018094624267633 -0.16055430009724 -0.0018094624267633 
1044.893716584 -0.16062593404616 -0.001563110901543 -0.16062593404616 -0.001563110901543 
1046.1503536454 -0.16043287200166 -0.0018219926171241 -0.16043287200166 -0.0018219926171241 
1047.4069907068 -0.16053830630452 -0.0021480169596089 -0.16053830630452 -0.0021480169596089 
1048.6636277683 -0.16048069767958 -0.0017590744832887 -0.16048069767958 -0.0017590744832887 
1049.9202648297 -0.16052656170911 -0.0018277161234437 -0.16052656170911 -0.0018277161234437 
1051.1769018911 -0.160532227242 -0.0014564600496669 -0.160532227242 -0.0014564600496669 
1052.4335389526 -0.16052680950324 -0.0016565301766605 -0.16052680950324 -0.0016565301766605 
1053.690176014 -0.16051261780185 -0.0017202508774972 -0.16051261780185 -0.0017202508774972 
1054.9468130755 -0.16048965798012 -0.0013444258911477 -0.16048965798012 -0.0013444258911477 
1056.2034501369 -0.16049325095954 -0.0021346835187614 -0.16049325095954 -0.0021346835187614 
1057.4600871983 -0.16043139500291 -0.0015606719300649 -0.16043139500291 -0.0015606719300649 
1058.7167242598 -0.16051204027965 -0.0022158195936299 -0.16051204027965 -0.0022158195936299 
1059.9733613212 -0.16040588964747 -0.0019791644801899 -0.16040588964747 -0.0019791644801899 
1061.2299983826 -0.16055941497133 -0.001824400344276 -0.16055941497133 -0.001824400344276 
1062.4866354441 -0.16036204091603 -0.0022094006849329 -0.16036204091603 -0.0022094006849329 
1063.7432725055 -0.16039755517055 -0.0017124544656326 -0.16039755517055 -0.0017124544656326 
1064.9999095669 -0.16057749801631 -0.0020431333066426 -0.16057749801631 -0.0020431333066426 
1066.2565466284 -0.16048167953849 -0.0010528782368056 -0.16048167953849 -0.0010528782368056 
1067.5131836898 -0.1605128891913 -0.0016580485057602 -0.1605128891913 -0.0016580485057602 
1068.7698207512 -0.16050664932547 -0.0012856988487329 -0.16050664932547 -0.0012856988487329 
1070.0264578127 -0.16053633545557 -0.0019177355254669 -0.16053633545557 -0.0019177355254669 
1071.2830948741 -0.16045047245914 -0.0022700313641053 -0.16045047245914 -0.0022700313641053 
1072.5397319356 -0.16050000948912 -0.0017873183739994 -0.16050000948912 -0.0017873183739994 
1073.796368997 -0.16062310867546 -0.0013685091034858 -0.16062310867546 -0.0013685091034858 
1075.0530060584 -0.16056939703315 -0.0022995052518127 -0.16056939703315 -0.0022995052518127 
1076.3096431199 -0.16042179130641 -0.0021452012383634 -0.16042179130641 -0.0021452012383634 
1077.5662801813 -0.16046622407458 -0.0017340620197501 -0.16046622407458 -0.0017340620197501 
1078.8229172427 -0.16066070228359 -0.0020852724790075 -0.16066070228359 -0.0020852724790075 
1080.0795543042 -0.16036331645803 -0.0019758612727401 -0.16036331645803 -0.0019758612727401 
1081.3361913656 -0.16062561090276 -0.0029561960061528 -0.16062561090276 -0.0029561960061528 
1082.592828427 -0.16051304929642 -0.0022702047149323 -0.16051304929642 -0.0022702047149323 
1083.8494654885 -0.16044209457435 -0.0021387359936398 -0.16044209457435 -0.0021387359936398 
1085.1061025499 -0.16049355811703 -0.0019411215134824 -0.16049355811703 -0.0019411215134824 
1086.3627396114 -0.16055620952081 -0.0023127784227199 -0.16055620952081 -0.0023127784227199 
1087.6193766728 -0.16045647979681 -0.002032878629052 -0.16045647979681 -0.002032878629052 
1088.8760137342 -0.16043614216906 -0.0023664080445087 -0.16043614216906 -0.0023664080445087 
1090.1326507957 -0.16058127265549 -0.0021238516583253 -0.16058127265549 -0.0021238516583253 
1091.3892878571 -0.16043516738513 -0.0025229435318579 -0.16043516738513 -0.0025229435318579 
1092.6459249185 -0.16048409318741 -0.0027035832247293 -0.16048409318741 -0.0027035832247293 
1093.90256198 -0.16054469576477 -0.0024333699050203 -0.16054469576477 -0.0024333699050203 
1095.1591990414 -0.16048863653274 -0.0023364604357994 -0.16048863653274 -0.0023364604357994 
1096.4158361028 -0.16044962896816 -0.0021059426305783 -0.16044962896816 -0.0021059426305783 
1097.6724731643 -0.16042371005777 -0.0023705711776074 -0.16042371005777 -0.0023705711776074 
1098.9291102257 -0.16046799284342 -0.002158583357641 -0.16046799284342 -0.002158583357641 
1100.1857472871 -0.1604374006011 -0.0017733366591983 -0.1604374006011 -0.0017733366591983 
1101.4423843486 -0.16042760587411 -0.0022032814263184 -0.16042760587411 -0.0022032814263184 
1102.69902141 -0.16048840402143 -0.0024610588432097 -0.16048840402143 -0.0024610588432097 
1103.9556584715 -0.16054481786399 -0.0025200206014233 -0.16054481786399 -0.0025200206014233 
1105.2122955329 -0.16051666345154 -0.0022107510465048 -0.16051666345154 -0.0022107510465048 
1106.4689325943 -0.16048863143189 -0.0019880612428551 -0.16048863143189 -0.0019880612428551 
1107.7255696558 -0.16042889604374 -0.0022095673891727 -0.16042889604374 -0.0022095673891727 
1108.9822067172 -0.16048760215228 -0.0027159796673004 -0.16048760215228 -0.0027159796673004 
1110.2388437786 -0.16053420719455 -0.0019806951390819 -0.16053420719455 -0.0019806951390819 
1111.4954808401 -0.16037425776013 -0.0011842097019326 -0.16037425776013 -0.0011842097019326 
1112.7521179015 -0.16050052178814 -0.0014877584685564 -0.16050052178814 -0.0014877584685564 
1114.0087549629 -0.16055981424574 -0.0016382592543778 -0.16055981424574 -0.0016382592543778 
1115.2653920244 -0.16045260900446 -0.0021189285512264 -0.16045260900446 -0.0021189285512264 
1116.5220290858 -0.16057570292841 -0.0017589400054021 -0.16057570292841 -0.0017589400054021 
1117.7786661472 -0.16052846708733 -0.0015264537837538 -0.16052846708733 -0.0015264537837538 
1119.0353032087 -0.16046180214232 -0.001944470780245 -0.16046180214232 -0.001944470780245 
1120.2919402701 -0.1604470089563 -0.001680453576455 -0.1604470089563 -0.001680453576455 
1121.5485773316 -0.16048249897331 -0.0015356575513579 -0.16048249897331 -0.0015356575513579 
1122.805214393 -0.16057144649973 -0.0022404579819977 -0.16057144649973 -0.0022404579819977 
1124.0618514544 -0.16051060029877 -0.001946141987446 -0.16051060029877 -0.001946141987446 
1125.3184885159 -0.16049084619527 -0.0024071956022453 -0.16049084619527 -0.0024071956022453 
1126.5751255773 -0.16052994226522 -0.0024423283541637 -0.16052994226522 -0.0024423283541637 
1127.8317626387 -0.16055172701028 -0.0019706073048837 -0.16055172701028 -0.0019706073048837 
1129.0883997002 -0.1605601573544 -0.001800394868269 -0.1605601573544 -0.001800394868269 
1130.3450367616 -0.16040627041334 -0.0013407153144271 -0.16040627041334 -0.0013407153144271 
1131.601673823 -0.16050382481243 -0.0023333684941917 -0.16050382481243 -0.0023333684941917 
1132.8583108845 -0.16062930039782 -0.0019660201091938 -0.16062930039782 -0.0019660201091938 
1134.1149479459 -0.16061276435203 -0.0023809116055418 -0.16061276435203 -0.0023809116055418 
1135.3715850074 -0.16056893490671 -0.0014944596127862 -0.16056893490671 -0.0014944596127862 
1136.6282220688 -0.16046580607163 -0.0018998362816092 -0.16046580607163 -0.0018998362816092 
1137.8848591302 -0.16050325325265 -0.0021519747608636 -0.16050325325265 -0.0021519747608636 
1139.1414961917 -0.16040780733058 -0.0022643765221346 -0.16040780733058 -0.0022643765221346 
1140.3981332531 -0.1604618924469 -0.0014448949218604 -0.1604618924469 -0.0014448949218604 
1141.6547703145 -0.16047131463409 -0.0017808346071888 -0.16047131463409 -0.0017808346071888 
1142.911407376 -0.16046742314934 -0.0019954052302182 -0.16046742314934 -0.0019954052302182 
1144.1680444374 -0.16046727339905 -0.0025780122011838 -0.16046727339905 -0.0025780122011838 
1145.4246814988 -0.16036644711774 -0.0026270408727669 -0.16036644711774 -0.0026270408727669 
1146.6813185603 -0.16039105967611 -0.0024884446595479 -0.16039105967611 -0.0024884446595479 
1147.9379556217 -0.16046130051843 -0.0026171352119491 -0.16046130051843 -0.0026171352119491 
1149.1945926831 -0.16054775824254 -0.0019270935720215 -0.16054775824254 -0.0019270935720215 
1150.4512297446 -0.16052751963671 -0.0021922972578068 -0.16052751963671 -0.0021922972578068 
1151.707866806 -0.16046504648045 -0.0029663867640011 -0.16046504648045 -0.0029663867640011 
1152.9645038675 -0.16057192071709 -0.0026655445101369 -0.16057192071709 -0.0026655445101369 
1154.2211409289 -0.16064072029877 -0.0028287918751175 -0.16064072029877 -0.0028287918751175 
1155.4777779903 -0.16053549125972 -0.0023597157032782 -0.16053549125972 -0.0023597157032782 
1156.7344150518 -0.16060981587641 -0.0018652651067441 -0.16060981587641 -0.0018652651067441 
1157.9910521132 -0.16043036698863 -0.0017877574036902 -0.16043036698863 -0.0017877574036902 
1159.2476891746 -0.16044754719527 -0.0019761913224556 -0.16044754719527 -0.0019761913224556 
1160.5043262361 -0.16048090225124 -0.0026676169577513 -0.16048090225124 -0.0026676169577513 
1161.7609632975 -0.1605142745411 -0.0027398193597037 -0.1605142745411 -0.0027398193597037 
1163.0176003589 -0.16049257602853 -0.0024119768231685 -0.16049257602853 -0.0024119768231685 
1164.2742374204 -0.16046978040697 -0.0023962010382093 -0.16046978040697 -0.0023962010382093 
1165.5308744818 -0.16035100294753 -0.0029202567591256 -0.16035100294753 -0.0029202567591256 
1166.7875115432 -0.1605754990606 -0.0022536148505878 -0.1605754990606 -0.0022536148505878 
1168.0441486047 -0.16041704933837 -0.0024209288762904 -0.16041704933837 -0.0024209288762904 
1169.3007856661 -0.1604479718305 -0.0016233162061781 -0.1604479718305 -0.0016233162061781 
1170.5574227276 -0.16042406890887 -0.0023151198486175 -0.16042406890887 -0.0023151198486175 
1171.814059789 -0.16055568580785 -0.0022108428086085 -0.16055568580785 -0.0022108428086085 
1173.0706968504 -0.16044762403678 -0.0024691366336356 -0.16044762403678 -0.0024691366336356 
1174.3273339119 -0.16042112927981 -0.0028343148017029 -0.16042112927981 -0.0028343148017029 
1175.5839709733 -0.16058262691759 -0.0020242516404778 -0.16058262691759 -0.0020242516404778 
1176.8406080347 -0.16026586483069 -0.0026064525407037 -0.16026586483069 -0.0026064525407037 
1178.0972450962 -0.16060759007711 -0.0018967227738358 -0.16060759007711 -0.0018967227738358 
1179.3538821576 -0.16042108478353 -0.0024485579733664 -0.16042108478353 -0.0024485579733664 
1180.610519219 -0.16039207884089 -0.0023754163121339 -0.16039207884089 -0.0023754163121339 
1181.8671562805 -0.16053339859882 -0.0019191961041543 -0.16053339859882 -0.0019191961041543 
1183.1237933419 -0.1604263469319 -0.0012305492700762 -0.1604263469319 -0.0012305492700762 
1184.3804304034 -0.16032007502908 -0.0015391512017686 -0.16032007502908 -0.0015391512017686 
1185.6370674648 -0.16032810868472 -0.0012485776408084 -0.16032810868472 -0.0012485776408084 
1186.8937045262 -0.16037618264068 -0.0017706673027078 -0.16037618264068 -0.0017706673027078 
1188.1503415877 -0.16035888019754 -0.0011217418975775 -0.16035888019754 -0.0011217418975775 
1189.4069786491 -0.160495567317 -0.00088256632625416 -0.160495567317 -0.00088256632625416 
1190.6636157105 -0.16021877061865 -0.00080349179188488 -0.16021877061865 -0.00080349179188488 
1191.920252772 -0.16041570099621 -0.0017636364334521 -0.16041570099621 -0.0017636364334521 
1193.1768898334 -0.160499804252 -0.0020360798200727 -0.160499804252 -0.0020360798200727 
1194.4335268948 -0.16057618121574 -0.0021634597680986 -0.16057618121574 -0.0021634597680986 
1195.6901639563 -0.1605142841377 -0.0026273417320226 -0.1605142841377 -0.0026273417320226 
1196.9468010177 -0.16040540790753 -0.0019898900316093 -0.16040540790753 -0.0019898900316093 
1198.2034380791 -0.1603994464037 -0.0023154788716511 -0.1603994464037 -0.0023154788716511 
1199.4600751406 -0.16039555169643 -0.0010896988087552 -0.16039555169643 -0.0010896988087552 
1200.716712202 -0.16034916168079 -0.0023141187089095 -0.16034916168079 -0.0023141187089095 
1201.9733492635 -0.16045212414288 -0.0020990151838305 -0.16045212414288 -0.0020990151838305 
1203.2299863249 -0.16053263735992 -0.001855149148696 -0.16053263735992 -0.001855149148696 
1204.4866233863 -0.16052460493064 -0.0011786664463216 -0.16052460493064 -0.0011786664463216 
1205.7432604478 -0.16037188302175 -0.0013646054935634 -0.16037188302175 -0.0013646054935634 
1206.9998975092 -0.16056244820381 -0.0016857621878898 -0.16056244820381 -0.0016857621878898 
1208.2565345706 -0.16041772715855 -0.00083630800941137 -0.16041772715855 -0.00083630800941137 
1209.5131716321 -0.16044695061903 -0.0012405654440499 -0.16044695061903 -0.0012405654440499 
1210.7698086935 -0.16046329625899 -0.0023452461664419 -0.16046329625899 -0.0023452461664419 
1212.0264457549 -0.16051013993801 -0.0017422463258754 -0.16051013993801 -0.0017422463258754 
1213.2830828164 -0.16048350923992 -0.0017539853511153 -0.16048350923992 -0.0017539853511153 
1214.5397198778 -0.16043238735268 -0.0020701187447685 -0.16043238735268 -0.0020701187447685 
1215.7963569393 -0.16052050187422 -0.0020462944430619 -0.16052050187422 -0.0020462944430619 
1217.0529940007 -0.1605481675907 -0.0018599898348839 -0.1605481675907 -0.0018599898348839 
1218.3096310621 -0.16048469564886 -0.0024393577227784 -0.16048469564886 -0.0024393577227784 
1219.5662681236 -0.16044373748487 -0.0016778385802354 -0.16044373748487 -0.0016778385802354 
1220.822905185 -0.16049519001652 -0.0019924962496134 -0.16049519001652 -0.0019924962496134 
1222.0795422464 -0.16041203041842 -0.002094398620784 -0.16041203041842 -0.002094398620784 
1223.3361793079 -0.1604223208253 -0.0016328725748735 -0.1604223208253 -0.0016328725748735 
1224.5928163693 -0.16036740684728 -0.0021977139540468 -0.16036740684728 -0.0021977139540468 
1225.8494534307 -0.1603772805183 -0.0015984436174676 -0.1603772805183 -0.0015984436174676 
1227.1060904922 -0.16053663738724 -0.0017702803374959 -0.16053663738724 -0.0017702803374959 
1228.3627275536 -0.16055272957909 -0.001800063585506 -0.16055272957909 -0.001800063585506 
1229.619364615 -0.16048784609757 -0.0013445332460833 -0.16048784609757 -0.0013445332460833 
1230.8760016765 -0.1603672287989 -0.0018633748748016 -0.1603672287989 -0.0018633748748016 
1232.1326387379 -0.16050006694793 -0.0015023961241241 -0.16050006694793 -0.0015023961241241 
1233.3892757994 -0.16056400827978 -0.001449757025739 -0.16056400827978 -0.001449757025739 
1234.6459128608 -0.16024923526268 -0.0016013539836877 -0.16024923526268 -0.0016013539836877 
1235.9025499222 -0.16042567104106 -0.0020977530027722 -0.16042567104106 -0.0020977530027722 
1237.1591869837 -0.16062028252984 -0.0024588971903086 -0.16062028252984 -0.0024588971903086 
1238.4158240451 -0.16049616132902 -0.0014071253206112 -0.16049616132902 -0.0014071253206112 
1239.6724611065 -0.16031606429546 -0.0016762180325713 -0.16031606429546 -0.0016762180325713 
1240.929098168 -0.16032290057928 -0.001849081499131 -0.16032290057928 -0.001849081499131 
1242.1857352294 -0.16043155661169 -0.0012475955438731 -0.16043155661169 -0.0012475955438731 
1243.4423722908 -0.16039860899198 -0.0015921251140298 -0.16039860899198 -0.0015921251140298 
1244.6990093523 -0.16043186542164 -0.0016980101700028 -0.16043186542164 -0.0016980101700028 
1245.9556464137 -0.16042972225745 -0.0021555853325026 -0.16042972225745 -0.0021555853325026 
1247.2122834751 -0.16045229495058 -0.0013365110128234 -0.16045229495058 -0.0013365110128234 
1248.4689205366 -0.1605235929742 -0.0014082951443015 -0.1605235929742 -0.0014082951443015 
1249.725557598 -0.16034093987858 -0.0016484006550854 -0.16034093987858 -0.0016484006550854 
1250.9821946595 -0.16053151604729 -0.0015559650098567 -0.16053151604729 -0.0015559650098567 
1252.2388317209 -0.16051335409028 -0.0019559085726542 -0.16051335409028 -0.0019559085726542 
1253.4954687823 -0.16050271781815 -0.0010364294791998 -0.16050271781815 -0.0010364294791998 
1254.7521058438 -0.16052496931969 -0.00082223337062715 -0.16052496931969 -0.00082223337062715 
1256.0087429052 -0.16032550246645 -0.0011754557742734 -0.16032550246645 -0.0011754557742734 
1257.2653799666 -0.16045080249919 -0.0013428160539206 -0.16045080249919 -0.0013428160539206 
1258.5220170281 -0.16061702183368 -0.0018308045255253 -0.16061702183368 -0.0018308045255253 
1259.7786540895 -0.16052323964734 -0.0013846920296601 -0.16052323964734 -0.0013846920296601 
1261.0352911509 -0.16048621036619 -0.0013979971329263 -0.16048621036619 -0.0013979971329263 
1262.2919282124 -0.16039656287009 -0.0011320782900839 -0.16039656287009 -0.0011320782900839 
1263.5485652738 -0.16044454755251 -0.001558330788157 -0.16044454755251 -0.001558330788157 
1264.8052023353 -0.16036470319215 -0.0017543196568113 -0.16036470319215 -0.0017543196568113 
1266.0618393967 -0.16046751505342 -0.0018952187090235 -0.16046751505342 -0.0018952187090235 
1267.3184764581 -0.16051919369368 -0.0025061007363547 -0.16051919369368 -0.0025061007363547 
1268.5751135196 -0.16050068757482 -0.0018380597402938 -0.16050068757482 -0.0018380597402938 
1269.831750581 -0.16052317852851 -0.001909334592483 -0.16052317852851 -0.001909334592483 
1271.0883876424 -0.16046678331562 -0.0020409832843598 -0.16046678331562 -0.0020409832843598 
1272.3450247039 -0.16053083874372 -0.001708139099037 -0.16053083874372 -0.001708139099037 
1273.6016617653 -0.16055639167131 -0.0020616275687644 -0.16055639167131 -0.0020616275687644 
1274.8582988267 -0.16051464810766 -0.0018543344499449 -0.16051464810766 -0.0018543344499449 
1276.1149358882 -0.16044987109289 -0.001726099643065 -0.16044987109289 -0.001726099643065 
1277.3715729496 -0.16055782954623 -0.0018502699504097 -0.16055782954623 -0.0018502699504097 
1278.628210011 -0.16054446702296 -0.0017427921618491 -0.16054446702296 -0.0017427921618491 
1279.8848470725 -0.1603872449823 -0.0017231859421827 -0.1603872449823 -0.0017231859421827 
1281.1414841339 -0.16050822705498 -0.0014974839127717 -0.16050822705498 -0.0014974839127717 
1282.3981211954 -0.16056176147112 -0.0022750115599592 -0.16056176147112 -0.0022750115599592 
1283.6547582568 -0.1605401286106 -0.0016236520507391 -0.1605401286106 -0.0016236520507391 
1284.9113953182 -0.16049177448156 -0.0012141245229031 -0.16049177448156 -0.0012141245229031 
1286.1680323797 -0.16034665076405 -0.0016690745746928 -0.16034665076405 -0.0016690745746928 
